time,palm_pos,palm_vel,span
1552946465.932656, 0.000000, 0.000000, 0.000000
1552946465.946733, 0.000000, 0.000000, 0.000000
1552946465.951947, 0.000000, 0.000000, 0.000000
1552946465.957702, 0.000000, 0.000000, 0.000000
1552946465.963441, 0.000000, 0.000000, 0.000000
1552946465.968826, 0.000000, 0.000000, 0.000000
1552946465.974044, 0.000000, 0.000000, 0.000000
1552946465.979307, 0.000000, 0.000000, 0.000000
1552946465.985026, 0.000000, 0.000000, 0.000000
1552946465.990656, 0.000000, 0.000000, 0.000000
1552946465.995842, 0.000000, 0.000000, 0.000000
1552946466.001052, 0.000000, 0.000000, 0.000000
1552946466.006349, 0.000000, 0.000000, 0.000000
1552946466.011573, 0.000000, 0.000000, 0.000000
1552946466.016866, 0.000000, 0.000000, 0.000000
1552946466.022620, 0.000000, 0.000000, 0.000000
1552946466.028251, 0.000000, 0.000000, 0.000000
1552946466.034628, 0.000000, 0.000000, 0.000000
1552946466.040195, 0.000000, 0.000000, 0.000000
1552946466.045978, 0.000000, 0.000000, 0.000000
1552946466.055307, 0.000000, 0.000000, 0.000000
1552946466.062135, 168.039017, -1.649000, 126.162187
1552946466.067821, 168.039017, -1.649000, 126.162187
1552946466.073368, 167.924469, -3.829971, 126.068947
1552946466.081246, 167.858139, -5.463452, 126.062353
1552946466.087231, 167.719269, -8.264596, 126.048125
1552946466.092544, 167.616165, -9.321853, 126.018494
1552946466.098014, 167.616165, -9.321853, 126.018494
1552946466.104143, 167.513382, -10.057082, 125.996504
1552946466.109469, 167.418365, -10.291505, 125.961369
1552946466.114944, 167.418365, -10.291505, 125.961369
1552946466.120825, 167.334000, -10.151009, 125.929990
1552946466.126407, 167.254822, -9.867229, 125.902434
1552946466.131897, 167.254822, -9.867229, 125.902434
1552946466.138773, 167.180786, -9.526775, 125.885080
1552946466.144168, 167.104767, -9.311437, 125.848260
1552946466.149611, 167.104767, -9.311437, 125.848260
1552946466.155732, 167.036331, -8.940732, 125.803584
1552946466.161113, 166.985779, -8.107387, 125.793008
1552946466.166572, 166.985779, -8.107387, 125.793008
1552946466.172809, 166.953888, -6.931461, 125.767184
1552946466.178043, 166.943878, -5.394175, 125.733350
1552946466.183508, 166.943878, -5.394175, 125.733350
1552946466.189617, 166.934174, -4.254946, 125.690034
1552946466.194995, 166.935471, -3.084070, 125.665731
1552946466.200823, 166.935471, -3.084070, 125.665731
1552946466.205986, 166.958847, -1.481813, 125.640747
1552946466.211440, 166.975830, -0.595729, 125.622150
1552946466.217322, 166.975830, -0.595729, 125.622150
1552946466.222612, 166.993332, 0.099446, 125.601865
1552946466.228075, 166.993332, 0.099446, 125.601865
1552946466.233528, 167.014664, 0.727374, 125.599316
1552946466.238771, 167.033203, 1.102967, 125.590482
1552946466.244250, 167.033203, 1.102967, 125.590482
1552946466.250130, 167.049240, 1.299945, 125.576555
1552946466.255680, 167.064804, 1.431505, 125.565798
1552946466.261084, 167.064804, 1.431505, 125.565798
1552946466.266402, 167.089951, 1.822858, 125.552885
1552946466.271716, 167.089951, 1.822858, 125.552885
1552946466.277196, 167.117584, 2.187298, 125.531836
1552946466.282590, 167.154984, 2.751720, 125.510292
1552946466.288005, 167.154984, 2.751720, 125.510292
1552946466.293315, 167.195816, 3.270432, 125.485023
1552946466.298664, 167.233765, 3.563015, 125.466299
1552946466.304140, 167.233765, 3.563015, 125.466299
1552946466.309373, 167.270493, 3.747046, 125.450904
1552946466.314626, 167.270493, 3.747046, 125.450904
1552946466.320545, 167.302902, 3.739481, 125.419451
1552946466.326219, 167.347015, 4.098934, 125.384697
1552946466.331786, 167.347015, 4.098934, 125.384697
1552946466.337804, 167.388016, 4.268324, 125.356699
1552946466.343659, 167.437195, 4.642728, 125.321291
1552946466.348956, 167.437195, 4.642728, 125.321291
1552946466.354868, 167.501816, 5.384831, 125.298300
1552946466.360214, 167.574524, 6.189920, 125.271892
1552946466.365620, 167.574524, 6.189920, 125.271892
1552946466.370856, 167.643860, 6.659865, 125.250962
1552946466.376127, 167.711685, 6.978188, 125.218694
1552946466.381585, 167.711685, 6.978188, 125.218694
1552946466.387087, 167.887268, 10.505193, 125.181499
1552946466.392482, 167.887268, 10.505193, 125.181499
1552946466.398505, 168.030670, 12.115772, 125.157539
1552946466.403997, 168.149704, 12.539304, 125.131875
1552946466.409404, 168.149704, 12.539304, 125.131875
1552946466.414708, 168.244308, 12.102606, 125.107781
1552946466.420079, 168.319916, 11.203858, 125.083641
1552946466.425532, 168.319916, 11.203858, 125.083641
1552946466.434345, 168.388031, 10.310782, 125.041284
1552946466.440429, 168.388031, 10.310782, 125.041284
1552946466.445797, 168.388031, 10.310782, 125.041284
1552946466.451156, 168.388031, 10.310782, 125.041284
1552946466.456569, 168.466278, 8.639455, 124.993251
1552946466.462770, 168.498611, 8.340728, 124.983457
1552946466.468837, 168.498611, 8.340728, 124.983457
1552946466.474325, 168.579819, 5.675488, 124.938498
1552946466.479719, 168.579819, 5.675488, 124.938498
1552946466.485117, 168.662018, 6.267179, 124.903375
1552946466.490372, 168.662018, 6.267179, 124.903375
1552946466.496224, 168.706421, 5.984839, 124.864451
1552946466.502637, 168.744736, 5.567759, 124.838931
1552946466.508107, 168.744736, 5.567759, 124.838931
1552946466.513498, 168.783112, 5.267767, 124.824847
1552946466.519381, 168.791061, 4.111798, 124.824010
1552946466.525409, 168.791061, 4.111798, 124.824010
1552946466.530886, 168.808044, 3.379303, 124.832643
1552946466.536264, 168.808044, 3.379303, 124.832643
1552946466.543490, 168.830139, 3.299160, 124.841363
1552946466.548818, 168.895920, 4.441288, 124.839043
1552946466.554719, 168.992172, 6.185258, 124.841183
1552946466.561076, 168.992172, 6.185258, 124.841183
1552946466.566738, 168.992172, 6.185258, 124.841183
1552946466.572692, 169.106461, 8.085186, 124.849817
1552946466.580089, 169.215851, 9.271249, 124.847565
1552946466.586147, 169.416977, 12.998474, 124.831358
1552946466.593158, 169.614334, 14.948644, 124.805811
1552946466.598430, 169.745316, 15.639020, 124.768998
1552946466.604416, 169.876297, 15.556414, 124.731515
1552946466.609669, 169.876297, 15.556414, 124.731515
1552946466.615052, 169.985931, 14.767537, 124.704309
1552946466.620543, 169.985931, 14.767537, 124.704309
1552946466.626420, 170.093842, 14.166108, 124.681191
1552946466.631740, 170.093842, 14.166108, 124.681191
1552946466.637421, 170.208160, 13.906365, 124.660635
1552946466.642808, 170.313385, 13.415199, 124.626487
1552946466.648677, 170.407959, 12.767923, 124.595182
1552946466.654310, 170.407959, 12.767923, 124.595182
1552946466.659686, 170.486893, 11.777306, 124.582818
1552946466.664962, 170.561813, 10.955224, 124.576619
1552946466.670322, 170.561813, 10.955224, 124.576619
1552946466.675835, 170.620789, 9.833792, 124.564116
1552946466.681723, 170.692612, 9.330585, 124.564504
1552946466.687705, 170.692612, 9.330585, 124.564504
1552946466.693660, 170.764618, 9.149101, 124.565805
1552946466.699275, 170.764618, 9.149101, 124.565805
1552946466.705147, 170.764618, 9.149101, 124.565805
1552946466.710482, 170.869980, 7.703267, 124.573329
1552946466.715904, 170.869980, 7.703267, 124.573329
1552946466.721493, 170.930618, 7.321171, 124.564893
1552946466.727354, 170.951340, 6.176852, 124.566777
1552946466.733739, 170.951340, 6.176852, 124.566777
1552946466.739322, 170.935471, 4.046823, 124.573967
1552946466.745128, 170.919296, 2.475034, 124.572091
1552946466.750999, 170.919296, 2.475034, 124.572091
1552946466.756394, 170.884323, 0.740946, 124.568938
1552946466.762238, 170.884323, 0.740946, 124.568938
1552946466.768034, 170.845108, -0.659143, 124.564163
1552946466.773647, 170.777542, -2.558541, 124.559427
1552946466.779861, 170.777542, -2.558541, 124.559427
1552946466.785206, 170.743088, -2.931029, 124.556325
1552946466.790535, 170.739059, -2.157261, 124.547219
1552946466.796121, 170.739059, -2.157261, 124.547219
1552946466.802125, 170.771042, -0.660481, 124.551596
1552946466.807946, 170.812881, 0.799609, 124.564657
1552946466.813417, 170.865784, 2.210778, 124.582661
1552946466.819024, 170.865784, 2.210778, 124.582661
1552946466.825246, 170.928467, 3.541582, 124.664234
1552946466.830554, 170.968796, 3.839695, 124.794981
1552946466.836501, 170.968796, 3.839695, 124.794981
1552946466.842187, 171.041000, 5.028751, 124.958797
1552946466.847520, 171.209915, 8.857302, 125.135322
1552946466.852990, 171.209915, 8.857302, 125.135322
1552946466.858518, 171.789459, 24.331757, 125.326211
1552946466.864447, 173.427719, 68.144722, 125.556882
1552946466.870281, 173.427719, 68.144722, 125.556882
1552946466.875645, 174.939545, 96.316353, 125.850273
1552946466.881745, 174.939545, 96.316353, 125.850273
1552946466.887652, 176.744034, 126.082291, 126.217206
1552946466.893013, 178.604538, 148.537247, 126.621802
1552946466.898329, 178.604538, 148.537247, 126.621802
1552946466.904512, 181.316498, 193.388428, 126.931260
1552946466.910016, 184.295929, 233.442352, 127.161572
1552946466.916007, 184.295929, 233.442352, 127.161572
1552946466.921970, 187.592163, 268.935669, 127.384496
1552946466.927296, 187.592163, 268.935669, 127.384496
1552946466.932573, 190.100327, 278.336212, 127.601729
1552946466.939821, 192.674149, 283.291016, 127.749639
1552946466.945450, 194.979538, 278.752441, 127.885157
1552946466.951196, 198.223099, 303.803619, 127.966820
1552946466.956563, 198.223099, 303.803619, 127.966820
1552946466.962040, 201.349136, 319.283112, 128.022744
1552946466.968627, 201.349136, 319.283112, 128.022744
1552946466.974568, 204.043304, 317.051086, 128.076046
1552946466.980713, 204.043304, 317.051086, 128.076046
1552946466.986594, 206.570526, 291.360870, 128.058301
1552946466.992048, 208.313766, 284.460480, 128.010506
1552946466.998611, 211.225937, 296.212341, 127.919169
1552946467.004511, 211.225937, 296.212341, 127.919169
1552946467.009819, 213.014297, 274.030914, 127.787350
1552946467.015185, 213.014297, 274.030914, 127.787350
1552946467.020527, 213.014297, 274.030914, 127.787350
1552946467.026309, 213.014297, 274.030914, 127.787350
1552946467.031750, 218.167252, 228.215591, 127.602200
1552946467.037100, 218.167252, 228.215591, 127.602200
1552946467.042404, 218.977783, 192.647568, 127.561436
1552946467.047873, 219.570374, 159.751099, 127.444344
1552946467.053445, 219.570374, 159.751099, 127.444344
1552946467.058995, 219.939529, 128.509613, 127.294834
1552946467.064362, 219.939529, 128.509613, 127.294834
1552946467.069861, 220.374649, 107.683517, 127.059869
1552946467.075750, 220.657379, 87.628357, 126.770551
1552946467.081526, 220.657379, 87.628357, 126.770551
1552946467.087170, 220.679123, 64.994011, 126.416802
1552946467.093474, 220.644241, 46.588779, 126.095687
1552946467.098791, 220.447952, 28.193027, 125.682687
1552946467.105240, 220.447952, 28.193027, 125.682687
1552946467.111040, 218.794388, -30.041344, 125.226232
1552946467.116942, 216.434570, -92.665298, 124.686165
1552946467.122963, 216.434570, -92.665298, 124.686165
1552946467.128302, 213.993378, -146.230316, 124.226667
1552946467.133631, 213.735657, -115.145691, 123.891711
1552946467.139081, 213.735657, -115.145691, 123.891711
1552946467.145220, 211.241959, -161.088379, 123.231403
1552946467.150608, 206.854645, -252.523529, 122.478571
1552946467.156139, 206.854645, -252.523529, 122.478571
1552946467.162526, 206.854645, -252.523529, 122.478571
1552946467.167953, 201.785233, -341.427826, 121.901818
1552946467.173652, 201.785233, -341.427826, 121.901818
1552946467.180449, 195.511017, -418.296204, 121.598076
1552946467.185713, 184.921539, -534.598816, 121.513876
1552946467.191424, 184.921539, -534.598816, 121.513876
1552946467.198748, 177.997650, -601.525513, 121.680206
1552946467.204959, 177.997650, -601.525513, 121.680206
1552946467.210419, 171.835907, -633.756409, 121.936314
1552946467.215710, 165.868484, -647.925537, 122.551524
1552946467.221615, 165.868484, -647.925537, 122.551524
1552946467.227495, 165.868484, -647.925537, 122.551524
1552946467.233433, 159.945984, -656.921997, 123.330930
1552946467.239459, 159.945984, -656.921997, 123.330930
1552946467.244749, 152.189774, -556.288757, 125.466565
1552946467.250181, 152.189774, -556.288757, 125.466565
1552946467.255473, 152.189774, -556.288757, 125.466565
1552946467.260972, 149.930344, -360.228516, 126.935737
1552946467.266304, 149.651459, -270.554260, 127.615370
1552946467.272415, 149.651459, -270.554260, 127.615370
1552946467.278528, 149.651459, -270.554260, 127.615370
1552946467.284430, 149.678757, -199.220062, 128.234384
1552946467.290468, 150.869858, -109.438194, 128.700392
1552946467.296012, 154.205612, 21.933472, 128.928217
1552946467.301415, 158.402908, 144.857483, 129.092450
1552946467.306696, 158.402908, 144.857483, 129.092450
1552946467.312136, 163.131958, 251.193680, 129.165354
1552946467.317762, 168.807602, 358.495972, 129.215515
1552946467.323256, 168.807602, 358.495972, 129.215515
1552946467.328672, 174.369797, 434.300598, 129.243897
1552946467.334566, 179.938934, 486.018127, 129.271043
1552946467.340345, 179.938934, 486.018127, 129.271043
1552946467.345702, 185.614349, 534.889648, 129.246397
1552946467.351353, 190.913513, 553.800842, 129.170562
1552946467.356698, 190.913513, 553.800842, 129.170562
1552946467.362208, 196.789200, 586.670105, 129.029454
1552946467.367462, 201.503265, 571.414368, 128.712945
1552946467.372833, 201.503265, 571.414368, 128.712945
1552946467.378394, 205.701065, 553.151855, 128.372064
1552946467.383648, 205.701065, 553.151855, 128.372064
1552946467.389028, 210.810745, 562.866455, 127.970925
1552946467.394628, 215.157684, 545.916443, 127.666617
1552946467.399967, 215.157684, 545.916443, 127.666617
1552946467.405507, 219.318314, 528.320312, 127.326675
1552946467.410790, 223.130615, 502.810547, 126.956415
1552946467.416197, 223.130615, 502.810547, 126.956415
1552946467.421607, 226.364594, 469.115875, 126.513035
1552946467.426932, 226.364594, 469.115875, 126.513035
1552946467.432322, 229.280792, 434.603394, 126.165411
1552946467.438194, 229.280792, 434.603394, 126.165411
1552946467.444260, 231.884140, 397.918396, 125.867561
1552946467.449660, 233.696976, 347.521729, 125.556251
1552946467.455831, 235.367218, 307.063995, 125.351539
1552946467.461233, 235.367218, 307.063995, 125.351539
1552946467.466622, 236.869873, 271.682159, 125.192648
1552946467.471902, 238.267578, 238.389328, 124.950220
1552946467.478544, 238.267578, 238.389328, 124.950220
1552946467.483945, 239.296982, 209.936874, 124.753213
1552946467.489260, 240.075409, 177.918274, 124.531666
1552946467.494816, 240.075409, 177.918274, 124.531666
1552946467.500476, 244.450378, 264.241821, 123.989915
1552946467.505826, 245.646851, 231.296646, 123.729279
1552946467.511190, 245.646851, 231.296646, 123.729279
1552946467.517320, 246.599655, 199.260788, 123.419314
1552946467.523559, 246.599655, 199.260788, 123.419314
1552946467.530886, 246.710739, 148.014633, 123.265261
1552946467.536371, 246.710739, 148.014633, 123.265261
1552946467.541861, 246.933762, 116.532562, 123.103958
1552946467.547501, 246.845520, 82.807129, 122.996293
1552946467.553400, 246.370270, 45.188511, 122.845612
1552946467.559844, 244.653702, -19.325548, 122.766337
1552946467.565208, 244.653702, -19.325548, 122.766337
1552946467.571086, 242.541046, -76.562134, 122.626294
1552946467.576570, 238.152084, -197.387711, 122.325902
1552946467.582490, 238.152084, -197.387711, 122.325902
1552946467.588009, 234.833313, -246.516891, 122.294927
1552946467.593869, 231.963913, -268.810822, 122.159418
1552946467.599360, 228.269318, -311.528259, 121.783992
1552946467.605003, 228.269318, -311.528259, 121.783992
1552946467.610669, 224.020996, -358.876770, 121.053549
1552946467.616066, 224.020996, -358.876770, 121.053549
1552946467.621806, 218.895157, -420.087067, 120.443839
1552946467.627191, 214.183014, -452.578064, 119.853623
1552946467.632590, 214.183014, -452.578064, 119.853623
1552946467.638437, 208.243149, -515.056763, 119.397136
1552946467.644571, 208.243149, -515.056763, 119.397136
1552946467.650345, 201.675797, -574.714294, 118.949451
1552946467.655746, 194.548676, -646.286560, 118.430393
1552946467.661081, 194.548676, -646.286560, 118.430393
1552946467.667076, 186.821274, -711.307007, 117.893147
1552946467.672566, 179.225449, -750.823425, 117.530680
1552946467.678060, 171.820068, -783.493652, 117.376001
1552946467.683413, 171.820068, -783.493652, 117.376001
1552946467.688707, 171.820068, -783.493652, 117.376001
1552946467.694119, 163.666672, -823.898804, 117.322264
1552946467.700047, 163.666672, -823.898804, 117.322264
1552946467.705406, 155.572021, -838.210693, 117.543444
1552946467.711137, 147.141083, -823.861267, 118.177724
1552946467.716490, 147.141083, -823.861267, 118.177724
1552946467.721750, 142.879303, -798.807495, 118.835736
1552946467.727108, 142.879303, -798.807495, 118.835736
1552946467.732646, 138.173340, -731.619080, 120.271770
1552946467.737937, 134.264069, -657.182007, 121.130053
1552946467.743396, 131.979523, -552.502075, 121.691661
1552946467.749404, 131.979523, -552.502075, 121.691661
1552946467.755084, 131.188705, -423.776764, 122.161162
1552946467.760595, 131.188705, -423.776764, 122.161162
1552946467.765901, 131.232330, -307.378265, 122.453103
1552946467.771316, 132.631393, -186.239975, 122.706256
1552946467.776699, 132.631393, -186.239975, 122.706256
1552946467.782029, 136.392242, -21.644989, 122.854386
1552946467.787426, 141.336761, 135.784927, 122.919825
1552946467.792782, 141.336761, 135.784927, 122.919825
1552946467.798197, 146.219803, 249.501877, 122.875512
1552946467.803590, 146.219803, 249.501877, 122.875512
1552946467.809565, 152.369278, 371.566864, 122.780509
1552946467.815263, 158.039108, 447.188995, 122.647487
1552946467.820831, 164.389587, 522.111572, 122.359835
1552946467.826235, 164.389587, 522.111572, 122.359835
1552946467.831538, 171.888046, 614.197632, 122.059834
1552946467.837451, 171.888046, 614.197632, 122.059834
1552946467.842827, 178.041031, 639.404846, 121.671803
1552946467.848175, 184.532379, 668.238647, 121.284785
1552946467.856547, 190.390747, 665.683533, 120.883996
1552946467.862118, 195.185532, 637.793701, 120.411309
1552946467.867850, 195.185532, 637.793701, 120.411309
1552946467.873761, 200.876907, 644.486572, 119.854860
1552946467.879076, 205.276794, 609.252991, 119.346093
1552946467.884497, 205.276794, 609.252991, 119.346093
1552946467.889926, 208.702591, 551.483276, 118.815510
1552946467.895624, 208.702591, 551.483276, 118.815510
1552946467.900992, 211.478699, 489.867737, 118.477264
1552946467.906862, 214.122314, 439.339050, 117.982683
1552946467.912147, 214.122314, 439.339050, 117.982683
1552946467.917506, 215.294830, 360.064758, 117.239023
1552946467.922820, 219.123901, 381.662170, 116.571463
1552946467.928218, 219.123901, 381.662170, 116.571463
1552946467.933660, 222.812927, 393.249695, 117.558130
1552946467.938965, 222.812927, 393.249695, 117.558130
1552946467.944408, 222.766876, 287.029388, 116.777326
1552946467.950602, 222.540390, 204.029343, 115.844630
1552946467.955923, 222.540390, 204.029343, 115.844630
1552946467.961275, 223.893463, 188.114182, 116.469789
1552946467.966521, 223.893463, 188.114182, 116.469789
1552946467.971970, 223.843918, 129.151077, 116.215275
1552946467.977441, 223.503677, 91.089905, 115.973937
1552946467.982713, 222.604767, 39.268784, 115.523320
1552946467.988089, 222.604767, 39.268784, 115.523320
1552946467.993409, 222.604767, 39.268784, 115.523320
1552946467.998934, 218.517303, -96.589676, 115.087281
1552946468.005046, 215.054291, -176.675156, 114.744130
1552946468.011218, 210.238571, -278.353882, 114.274486
1552946468.016570, 210.238571, -278.353882, 114.274486
1552946468.021997, 205.597610, -337.984100, 113.850649
1552946468.027653, 201.957870, -369.305359, 113.527386
1552946468.033120, 201.957870, -369.305359, 113.527386
1552946468.038548, 201.957870, -369.305359, 113.527386
1552946468.044124, 197.278000, -413.985016, 113.282542
1552946468.049604, 191.023071, -497.022675, 113.102606
1552946468.055023, 184.288300, -571.175171, 113.070558
1552946468.060384, 184.288300, -571.175171, 113.070558
1552946468.066582, 177.103043, -639.725220, 113.124464
1552946468.072030, 170.460938, -660.395630, 113.230878
1552946468.079987, 170.460938, -660.395630, 113.230878
1552946468.085913, 163.725647, -703.523682, 113.423507
1552946468.091569, 154.925659, -738.930603, 114.155922
1552946468.097133, 154.925659, -738.930603, 114.155922
1552946468.102497, 149.700439, -726.085571, 115.172999
1552946468.108425, 144.626846, -713.609436, 117.051037
1552946468.113797, 144.626846, -713.609436, 117.051037
1552946468.119850, 144.626846, -713.609436, 117.051037
1552946468.125237, 144.626846, -713.609436, 117.051037
1552946468.130548, 144.626846, -713.609436, 117.051037
1552946468.136558, 133.938583, -530.363708, 120.082047
1552946468.142122, 133.402863, -400.967743, 120.862663
1552946468.147567, 133.402863, -400.967743, 120.862663
1552946468.154038, 133.414429, -297.642822, 121.697581
1552946468.159928, 135.916031, -141.606461, 122.257273
1552946468.165218, 135.916031, -141.606461, 122.257273
1552946468.170858, 140.449402, 35.512520, 122.565993
1552946468.176457, 145.773239, 190.408096, 122.694787
1552946468.182574, 145.773239, 190.408096, 122.694787
1552946468.188010, 151.580002, 317.535156, 122.755184
1552946468.193437, 158.091705, 432.873871, 122.789158
1552946468.201113, 164.323929, 507.437347, 122.809296
1552946468.206680, 164.323929, 507.437347, 122.809296
1552946468.212239, 171.512405, 583.094116, 122.693313
1552946468.218142, 171.512405, 583.094116, 122.693313
1552946468.223685, 178.067001, 639.393005, 122.536658
1552946468.229349, 178.067001, 639.393005, 122.536658
1552946468.234941, 184.749451, 673.950623, 122.286058
1552946468.240820, 184.749451, 673.950623, 122.286058
1552946468.246251, 191.417572, 703.495789, 121.813511
1552946468.252120, 191.417572, 703.495789, 121.813511
1552946468.259124, 197.318893, 696.605713, 121.246470
1552946468.264762, 202.700333, 671.492065, 120.677472
1552946468.270248, 214.147369, 671.746521, 119.806245
1552946468.276524, 214.147369, 671.746521, 119.806245
1552946468.282065, 217.790985, 604.578918, 119.345515
1552946468.287801, 221.081619, 545.264526, 118.729834
1552946468.293491, 221.081619, 545.264526, 118.729834
1552946468.299088, 224.839203, 514.877197, 118.153227
1552946468.304413, 227.189697, 450.006287, 117.683429
1552946468.309819, 227.189697, 450.006287, 117.683429
1552946468.315256, 228.720459, 377.573212, 117.252444
1552946468.320570, 228.720459, 377.573212, 117.252444
1552946468.326075, 229.762405, 308.919891, 116.894054
1552946468.332001, 230.785461, 258.403809, 116.554775
1552946468.337509, 230.785461, 258.403809, 116.554775
1552946468.342916, 231.535141, 212.483978, 116.230706
1552946468.348809, 231.938461, 168.390503, 115.964955
1552946468.354778, 231.938461, 168.390503, 115.964955
1552946468.360198, 231.920410, 123.037140, 115.704533
1552946468.365567, 231.920410, 123.037140, 115.704533
1552946468.371081, 231.776611, 85.948769, 115.510072
1552946468.376438, 231.106339, 41.797848, 115.313741
1552946468.382028, 229.847443, -7.790182, 115.152830
1552946468.387699, 229.847443, -7.790182, 115.152830
1552946468.393269, 227.461487, -78.944641, 114.959863
1552946468.398571, 224.108078, -160.493210, 114.756071
1552946468.403979, 224.108078, -160.493210, 114.756071
1552946468.409672, 220.607391, -225.516388, 114.527866
1552946468.415312, 220.607391, -225.516388, 114.527866
1552946468.421127, 216.895752, -279.582764, 114.328640
1552946468.427014, 216.895752, -279.582764, 114.328640
1552946468.432455, 212.123749, -351.570587, 114.149123
1552946468.437857, 207.299149, -405.978882, 113.973370
1552946468.443286, 207.299149, -405.978882, 113.973370
1552946468.448570, 202.397324, -448.522552, 113.786770
1552946468.454037, 196.895828, -496.734924, 113.636664
1552946468.459725, 196.895828, -496.734924, 113.636664
1552946468.465120, 196.895828, -496.734924, 113.636664
1552946468.470805, 190.515640, -562.180298, 113.545086
1552946468.476234, 190.515640, -562.180298, 113.545086
1552946468.482187, 183.552948, -625.378174, 113.556656
1552946468.487823, 183.552948, -625.378174, 113.556656
1552946468.493220, 177.046951, -657.509277, 113.824388
1552946468.498576, 177.046951, -657.509277, 113.824388
1552946468.505589, 169.058884, -697.858521, 114.450585
1552946468.510906, 156.723022, -726.978638, 116.498468
1552946468.516294, 156.723022, -726.978638, 116.498468
1552946468.521560, 151.125580, -655.767334, 118.139991
1552946468.527025, 148.754532, -604.311707, 119.341220
1552946468.532497, 146.456772, -514.540283, 121.087554
1552946468.538047, 146.456772, -514.540283, 121.087554
1552946468.543564, 145.931458, -393.462616, 122.025737
1552946468.549010, 146.298676, -277.225037, 122.817747
1552946468.554992, 146.298676, -277.225037, 122.817747
1552946468.560577, 148.356705, -139.554794, 123.336140
1552946468.565978, 148.356705, -139.554794, 123.336140
1552946468.571658, 152.343414, 19.579121, 123.779504
1552946468.577394, 152.343414, 19.579121, 123.779504
1552946468.583693, 157.937241, 185.889389, 124.043081
1552946468.589553, 163.311630, 301.245087, 124.156373
1552946468.595436, 169.279022, 403.305145, 124.200381
1552946468.601068, 176.027008, 503.955841, 124.222053
1552946468.607153, 176.027008, 503.955841, 124.222053
1552946468.612545, 182.969147, 579.558350, 124.229058
1552946468.618076, 189.625153, 617.408142, 124.173817
1552946468.624076, 189.625153, 617.408142, 124.173817
1552946468.629832, 195.506821, 650.279114, 123.933718
1552946468.635738, 201.593033, 665.022095, 123.647857
1552946468.641962, 201.593033, 665.022095, 123.647857
1552946468.647556, 207.291077, 662.192139, 123.201317
1552946468.653081, 213.001511, 661.349731, 122.797281
1552946468.658406, 213.001511, 661.349731, 122.797281
1552946468.663764, 218.098969, 641.704041, 122.353780
1552946468.669063, 222.585068, 608.532471, 122.017651
1552946468.675249, 222.585068, 608.532471, 122.017651
1552946468.680643, 226.215576, 558.602356, 121.683501
1552946468.685999, 229.535431, 511.821136, 121.330566
1552946468.691545, 229.535431, 511.821136, 121.330566
1552946468.699101, 229.535431, 511.821136, 121.330566
1552946468.704539, 232.320404, 460.558533, 120.885532
1552946468.709901, 233.715866, 380.942474, 120.154717
1552946468.715263, 234.593658, 306.461304, 119.611830
1552946468.721182, 235.075073, 239.772034, 119.134739
1552946468.727088, 235.075073, 239.772034, 119.134739
1552946468.732370, 235.455627, 184.536819, 118.728893
1552946468.737997, 235.816132, 148.971512, 118.419702
1552946468.743348, 235.816132, 148.971512, 118.419702
1552946468.748917, 236.175049, 120.198204, 118.109799
1552946468.754339, 236.175049, 120.198204, 118.109799
1552946468.759744, 236.378464, 94.665810, 117.799442
1552946468.765272, 236.268097, 66.084747, 117.467333
1552946468.770630, 236.268097, 66.084747, 117.467333
1552946468.776052, 234.675323, -0.481022, 117.200788
1552946468.781450, 232.294815, -73.579987, 117.016673
1552946468.787252, 232.294815, -73.579987, 117.016673
1552946468.792568, 231.134766, -89.515068, 116.784411
1552946468.797961, 228.856552, -135.557159, 116.568442
1552946468.803771, 228.856552, -135.557159, 116.568442
1552946468.809126, 225.558151, -200.457382, 116.386503
1552946468.814994, 225.558151, -200.457382, 116.386503
1552946468.820715, 222.976089, -226.617889, 116.221319
1552946468.826211, 222.976089, -226.617889, 116.221319
1552946468.832112, 218.904984, -291.376099, 115.989573
1552946468.837634, 214.008209, -363.626251, 115.766835
1552946468.843517, 209.281555, -411.234619, 115.622893
1552946468.849140, 209.281555, -411.234619, 115.622893
1552946468.855015, 204.177521, -455.738556, 115.500314
1552946468.860923, 204.177521, -455.738556, 115.500314
1552946468.866823, 198.357590, -517.109558, 115.424400
1552946468.872327, 191.562683, -587.226074, 115.417759
1552946468.878308, 191.562683, -587.226074, 115.417759
1552946468.883802, 184.652664, -643.461609, 115.432812
1552946468.889228, 177.232407, -701.096008, 115.473427
1552946468.895249, 177.232407, -701.096008, 115.473427
1552946468.900776, 168.723465, -774.637390, 115.499285
1552946468.906187, 160.903824, -808.250488, 115.599657
1552946468.912171, 160.903824, -808.250488, 115.599657
1552946468.917568, 153.605713, -814.649963, 115.852379
1552946468.923089, 147.580719, -785.793274, 116.595597
1552946468.928373, 147.580719, -785.793274, 116.595597
1552946468.933623, 141.296341, -755.682007, 117.972382
1552946468.939265, 136.883636, -702.537537, 119.672517
1552946468.945347, 136.883636, -702.537537, 119.672517
1552946468.950733, 133.823227, -609.939453, 121.162511
1552946468.956606, 133.028458, -471.330139, 122.232453
1552946468.962272, 133.178055, -341.934174, 122.902692
1552946468.967685, 133.178055, -341.934174, 122.902692
1552946468.973890, 134.045700, -224.227036, 123.351369
1552946468.979253, 134.045700, -224.227036, 123.351369
1552946468.984582, 138.352341, -32.504677, 123.762297
1552946468.990229, 143.283295, 127.430275, 124.051444
1552946468.996143, 143.283295, 127.430275, 124.051444
1552946469.001577, 148.585861, 256.228363, 124.225393
1552946469.006881, 148.585861, 256.228363, 124.225393
1552946469.012208, 154.948120, 382.865570, 124.372164
1552946469.017682, 162.218826, 502.670654, 124.468395
1552946469.022989, 162.218826, 502.670654, 124.468395
1552946469.028332, 169.325775, 588.267822, 124.423988
1552946469.034103, 175.503540, 622.218506, 124.338860
1552946469.039524, 175.503540, 622.218506, 124.338860
1552946469.045289, 182.465500, 670.542603, 124.215589
1552946469.051167, 182.465500, 670.542603, 124.215589
1552946469.056412, 189.947159, 702.898621, 123.969887
1552946469.061957, 195.165619, 694.173950, 123.694982
1552946469.067389, 195.165619, 694.173950, 123.694982
1552946469.072928, 201.399216, 701.758972, 123.391459
1552946469.079072, 206.892136, 682.281677, 123.097024
1552946469.085013, 206.892136, 682.281677, 123.097024
1552946469.091096, 212.800568, 674.621216, 122.666107
1552946469.096954, 217.418808, 643.194824, 122.353302
1552946469.102230, 217.418808, 643.194824, 122.353302
1552946469.108618, 222.017136, 614.763916, 121.805769
1552946469.115134, 225.383423, 551.865845, 121.296568
1552946469.120583, 225.383423, 551.865845, 121.296568
1552946469.126340, 227.867828, 483.265625, 120.869956
1552946469.131996, 230.127869, 424.361847, 120.464730
1552946469.138501, 231.558334, 354.920502, 120.052827
1552946469.144380, 231.558334, 354.920502, 120.052827
1552946469.149734, 233.062256, 301.829651, 119.628252
1552946469.155434, 234.200928, 260.944366, 119.330794
1552946469.161544, 234.200928, 260.944366, 119.330794
1552946469.167136, 235.031326, 210.309219, 118.993316
1552946469.172412, 235.364578, 169.979095, 118.772380
1552946469.177700, 235.364578, 169.979095, 118.772380
1552946469.183649, 235.606735, 132.135468, 118.496057
1552946469.189205, 235.398132, 90.574966, 118.276122
1552946469.194772, 235.398132, 90.574966, 118.276122
1552946469.200162, 234.815308, 48.140308, 118.062375
1552946469.206046, 232.931808, -22.842134, 117.735412
1552946469.211373, 232.931808, -22.842134, 117.735412
1552946469.216674, 232.931808, -22.842134, 117.735412
1552946469.221971, 232.931808, -22.842134, 117.735412
1552946469.227327, 232.931808, -22.842134, 117.735412
1552946469.232697, 223.936813, -224.153122, 117.327910
1552946469.238144, 223.936813, -224.153122, 117.327910
1552946469.244036, 220.517868, -268.979584, 117.219979
1552946469.249657, 216.275940, -327.777618, 117.020678
1552946469.255096, 216.275940, -327.777618, 117.020678
1552946469.260565, 212.900757, -344.161285, 116.871690
1552946469.265777, 207.805328, -399.252594, 116.668123
1552946469.271161, 207.805328, -399.252594, 116.668123
1552946469.276693, 203.066818, -449.416229, 116.450813
1552946469.282139, 203.066818, -449.416229, 116.450813
1552946469.287553, 196.040726, -545.756714, 116.194457
1552946469.292995, 189.528625, -600.361267, 116.053923
1552946469.298362, 189.528625, -600.361267, 116.053923
1552946469.303653, 182.447708, -657.599304, 115.979999
1552946469.308872, 175.081161, -708.686340, 115.949521
1552946469.314115, 175.081161, -708.686340, 115.949521
1552946469.319281, 167.457779, -754.536865, 115.934830
1552946469.325162, 167.457779, -754.536865, 115.934830
1552946469.330452, 159.654648, -792.542908, 115.950942
1552946469.335918, 159.654648, -792.542908, 115.950942
1552946469.341840, 152.390915, -803.454285, 116.102827
1552946469.347651, 146.062698, -785.325195, 116.516975
1552946469.352901, 140.428116, -749.066406, 117.164763
1552946469.358352, 140.428116, -749.066406, 117.164763
1552946469.364334, 136.136185, -681.997559, 120.128936
1552946469.369865, 136.136185, -681.997559, 120.128936
1552946469.375224, 132.681183, -606.255371, 121.980999
1552946469.381113, 131.532257, -478.682220, 123.266646
1552946469.386531, 131.532257, -478.682220, 123.266646
1552946469.393812, 131.325821, -358.334717, 125.910840
1552946469.399237, 131.810364, -248.474289, 126.721381
1552946469.405101, 131.810364, -248.474289, 126.721381
1552946469.411155, 133.389481, -127.203331, 126.884424
1552946469.417107, 136.938980, 13.730729, 127.003145
1552946469.422467, 136.938980, 13.730729, 127.003145
1552946469.430025, 142.027740, 166.323196, 127.071594
1552946469.435539, 147.599380, 292.982605, 126.983672
1552946469.442243, 153.216812, 387.159851, 126.815009
1552946469.447602, 153.216812, 387.159851, 126.815009
1552946469.453016, 159.784912, 486.024323, 126.603844
1552946469.458961, 166.505997, 562.751648, 126.415494
1552946469.464569, 166.505997, 562.751648, 126.415494
1552946469.469925, 173.970047, 641.333191, 126.228924
1552946469.475161, 181.279617, 695.698975, 126.031804
1552946469.480582, 181.279617, 695.698975, 126.031804
1552946469.486058, 187.768631, 709.297180, 125.759949
1552946469.491912, 194.272751, 714.253784, 125.494852
1552946469.497457, 194.272751, 714.253784, 125.494852
1552946469.503279, 200.984787, 736.610046, 125.194389
1552946469.510033, 207.139236, 729.426331, 124.880174
1552946469.515466, 207.139236, 729.426331, 124.880174
1552946469.520876, 214.000839, 739.916260, 124.644373
1552946469.526324, 219.364212, 703.080139, 124.266374
1552946469.531791, 219.364212, 703.080139, 124.266374
1552946469.537781, 224.749985, 690.655884, 123.906918
1552946469.543423, 229.065247, 640.190918, 123.461133
1552946469.548722, 229.065247, 640.190918, 123.461133
1552946469.554286, 232.878693, 586.356873, 122.850523
1552946469.559919, 232.878693, 586.356873, 122.850523
1552946469.565211, 236.181946, 531.579163, 122.332251
1552946469.570875, 239.255814, 479.797058, 121.886147
1552946469.580688, 239.255814, 479.797058, 121.886147
1552946469.587453, 241.536499, 423.246338, 121.507500
1552946469.592756, 241.536499, 423.246338, 121.507500
1552946469.598685, 243.684326, 350.814178, 121.150786
1552946469.604037, 244.454041, 303.927307, 120.942672
1552946469.609692, 244.454041, 303.927307, 120.942672
1552946469.615675, 245.300552, 186.703201, 120.546201
1552946469.621178, 248.939178, 249.073669, 120.780738
1552946469.626697, 248.939178, 249.073669, 120.780738
1552946469.632413, 250.521637, 231.473923, 120.419885
1552946469.637597, 250.042786, 155.084808, 119.667731
1552946469.643007, 250.042786, 155.084808, 119.667731
1552946469.648913, 249.399399, 94.112892, 118.917888
1552946469.654443, 249.399399, 94.112892, 118.917888
1552946469.659750, 245.665970, -45.476116, 118.279044
1552946469.665061, 243.430038, -102.008194, 117.931308
1552946469.670532, 243.430038, -102.008194, 117.931308
1552946469.676661, 240.109818, -176.980148, 117.773333
1552946469.682074, 236.232071, -248.607483, 117.473626
1552946469.687465, 236.232071, -248.607483, 117.473626
1552946469.693135, 231.730988, -320.500580, 117.037264
1552946469.700280, 231.730988, -320.500580, 117.037264
1552946469.705660, 231.730988, -320.500580, 117.037264
1552946469.711050, 226.177368, -405.983093, 116.503295
1552946469.716367, 219.556793, -499.609375, 115.988329
1552946469.722228, 212.275696, -587.743896, 115.597167
1552946469.727558, 204.114273, -685.834595, 115.298055
1552946469.733434, 204.114273, -685.834595, 115.298055
1552946469.739261, 195.379822, -770.905579, 115.114014
1552946469.745324, 195.379822, -770.905579, 115.114014
1552946469.750580, 185.811676, -860.329041, 115.137708
1552946469.756006, 185.811676, -860.329041, 115.137708
1552946469.761394, 174.781967, -964.947144, 115.328744
1552946469.767396, 174.781967, -964.947144, 115.328744
1552946469.773112, 164.205353, -1037.884277, 115.798076
1552946469.778656, 154.826157, -1047.996582, 116.737593
1552946469.784024, 145.267929, -1063.452515, 118.203325
1552946469.789365, 136.462402, -1049.566406, 120.413836
1552946469.795227, 136.462402, -1049.566406, 120.413836
1552946469.801093, 129.274643, -972.434265, 122.656010
1552946469.806405, 123.974083, -893.869446, 124.082537
1552946469.811739, 123.974083, -893.869446, 124.082537
1552946469.817653, 121.635544, -729.132935, 125.031466
1552946469.823791, 121.414642, -541.159912, 125.415262
1552946469.829630, 121.414642, -541.159912, 125.415262
1552946469.835092, 121.651375, -389.951996, 125.958231
1552946469.840410, 123.930222, -216.538589, 126.181148
1552946469.845630, 123.930222, -216.538589, 126.181148
1552946469.851046, 129.434341, 10.919335, 126.394605
1552946469.857079, 136.203598, 216.979691, 126.555719
1552946469.864430, 136.203598, 216.979691, 126.555719
1552946469.869995, 143.834732, 390.096008, 126.644450
1552946469.875384, 143.834732, 390.096008, 126.644450
1552946469.880644, 154.589447, 576.767883, 126.679641
1552946469.886106, 160.778336, 669.823181, 126.667123
1552946469.891381, 171.107880, 809.960144, 126.559723
1552946469.896709, 171.107880, 809.960144, 126.559723
1552946469.902096, 181.926193, 925.052917, 126.380100
1552946469.907513, 181.926193, 925.052917, 126.380100
1552946469.912890, 192.103485, 992.500732, 126.046251
1552946469.918772, 202.652069, 1048.895264, 125.681089
1552946469.924022, 202.652069, 1048.895264, 125.681089
1552946469.929430, 212.072159, 1060.132202, 125.320781
1552946469.934758, 220.231842, 1026.787354, 124.836565
1552946469.940132, 220.231842, 1026.787354, 124.836565
1552946469.945547, 227.705933, 984.572937, 124.016699
1552946469.950978, 234.613983, 934.620117, 123.066775
1552946469.956857, 234.613983, 934.620117, 123.066775
1552946469.962527, 240.659317, 871.238098, 122.346574
1552946469.967772, 240.659317, 871.238098, 122.346574
1552946469.974672, 247.063873, 835.645142, 121.629175
1552946469.980294, 251.705490, 756.185547, 120.841328
1552946469.985857, 256.295197, 688.469055, 120.208327
1552946469.991397, 256.295197, 688.469055, 120.208327
1552946469.997070, 259.669800, 616.176453, 119.454412
1552946470.002468, 262.991028, 554.100342, 118.700012
1552946470.007839, 262.991028, 554.100342, 118.700012
1552946470.013085, 265.234558, 474.886536, 117.869401
1552946470.018482, 265.234558, 474.886536, 117.869401
1552946470.023984, 267.175507, 408.131165, 117.144631
1552946470.029321, 268.134399, 328.856171, 116.594357
1552946470.034904, 268.134399, 328.856171, 116.594357
1552946470.040571, 268.413269, 249.972916, 115.994527
1552946470.046169, 268.413269, 249.972916, 115.994527
1552946470.051639, 268.515533, 186.612198, 115.469107
1552946470.056950, 268.608887, 139.784454, 114.890614
1552946470.062890, 268.608887, 139.784454, 114.890614
1552946470.068548, 268.390747, 95.992332, 114.480632
1552946470.074237, 265.308990, -24.059595, 113.999943
1552946470.081063, 265.308990, -24.059595, 113.999943
1552946470.086924, 260.862091, -153.951004, 113.394976
1552946470.092818, 256.539948, -245.735214, 112.874397
1552946470.098530, 256.539948, -245.735214, 112.874397
1552946470.103969, 252.579453, -301.030975, 112.418742
1552946470.109942, 248.939453, -333.699951, 111.858247
1552946470.115240, 248.939453, -333.699951, 111.858247
1552946470.120600, 244.156006, -390.505615, 111.414636
1552946470.126494, 244.156006, -390.505615, 111.414636
1552946470.132145, 238.751282, -452.566803, 110.960770
1552946470.137577, 232.882187, -511.311676, 110.428253
1552946470.143085, 232.882187, -511.311676, 110.428253
1552946470.148477, 225.205399, -613.073853, 110.104324
1552946470.154345, 216.440033, -711.750671, 109.721196
1552946470.160195, 207.466171, -804.697205, 109.453834
1552946470.165646, 207.466171, -804.697205, 109.453834
1552946470.171542, 197.485428, -897.594788, 109.236864
1552946470.177168, 186.541687, -990.545532, 109.095191
1552946470.182631, 186.541687, -990.545532, 109.095191
1552946470.188122, 186.541687, -990.545532, 109.095191
1552946470.194715, 175.389847, -1073.175659, 109.072875
1552946470.200272, 164.475525, -1124.019531, 109.524748
1552946470.205735, 153.656158, -1154.313110, 110.683389
1552946470.211033, 153.656158, -1154.313110, 110.683389
1552946470.216415, 143.493118, -1161.560791, 112.144569
1552946470.221808, 133.190094, -1167.508179, 114.748130
1552946470.227931, 133.190094, -1167.508179, 114.748130
1552946470.233334, 125.414879, -1094.117065, 117.796277
1552946470.239412, 125.414879, -1094.117065, 117.796277
1552946470.244918, 119.107285, -996.381165, 119.976290
1552946470.250281, 114.670235, -859.427185, 121.504825
1552946470.255582, 112.716499, -695.153137, 122.581468
1552946470.261033, 112.716499, -695.153137, 122.581468
1552946470.266491, 112.670143, -515.033386, 123.292491
1552946470.272267, 112.670143, -515.033386, 123.292491
1552946470.278193, 112.877304, -370.400391, 123.958008
1552946470.284219, 117.090340, -142.696625, 124.345343
1552946470.289480, 122.895752, 73.335678, 124.553892
1552946470.294894, 122.895752, 73.335678, 124.553892
1552946470.300380, 130.663483, 292.206329, 124.640032
1552946470.306055, 130.663483, 292.206329, 124.640032
1552946470.311369, 139.458725, 484.280579, 124.664287
1552946470.316607, 139.458725, 484.280579, 124.664287
1552946470.321906, 139.458725, 484.280579, 124.664287
1552946470.327514, 139.458725, 484.280579, 124.664287
1552946470.332856, 174.371185, 1003.277466, 124.569364
1552946470.338342, 174.371185, 1003.277466, 124.569364
1552946470.344201, 181.220840, 945.782898, 124.444082
1552946470.350228, 181.220840, 945.782898, 124.444082
1552946470.355562, 189.157104, 937.751038, 124.052426
1552946470.361487, 198.344864, 969.461304, 123.529446
1552946470.368763, 198.344864, 969.461304, 123.529446
1552946470.374076, 207.811447, 981.094666, 122.946247
1552946470.380042, 216.819031, 981.069763, 122.452950
1552946470.385336, 216.819031, 981.069763, 122.452950
1552946470.391254, 224.376068, 960.378601, 121.996103
1552946470.396517, 231.318222, 944.921570, 121.508152
1552946470.402497, 238.540787, 915.421631, 120.975043
1552946470.407822, 238.540787, 915.421631, 120.975043
1552946470.413812, 244.349106, 850.393188, 120.534496
1552946470.419375, 244.349106, 850.393188, 120.534496
1552946470.425164, 250.385529, 808.349548, 120.244537
1552946470.431141, 256.005035, 766.462036, 119.826482
1552946470.436993, 262.293640, 755.870850, 119.184702
1552946470.443012, 262.293640, 755.870850, 119.184702
1552946470.448589, 267.033966, 698.601990, 118.788407
1552946470.453933, 267.033966, 698.601990, 118.788407
1552946470.459311, 271.247986, 643.477844, 118.443289
1552946470.465290, 275.572632, 604.385437, 118.088613
1552946470.470887, 275.572632, 604.385437, 118.088613
1552946470.476813, 278.550781, 527.560913, 117.580125
1552946470.482736, 280.831879, 463.865967, 117.228020
1552946470.488110, 282.969788, 406.429108, 116.830607
1552946470.493705, 282.969788, 406.429108, 116.830607
1552946470.499310, 285.242706, 367.699188, 116.580220
1552946470.505184, 286.986755, 323.285583, 116.421183
1552946470.510564, 286.986755, 323.285583, 116.421183
1552946470.516131, 287.730713, 259.958862, 116.315967
1552946470.521683, 287.730713, 259.958862, 116.315967
1552946470.527053, 288.232727, 206.396942, 116.181726
1552946470.532747, 288.612732, 163.211349, 116.094640
1552946470.538344, 288.612732, 163.211349, 116.094640
1552946470.544030, 289.112640, 135.090027, 116.017410
1552946470.549293, 289.514221, 111.413773, 115.780070
1552946470.555610, 289.514221, 111.413773, 115.780070
1552946470.561881, 289.486206, 80.926842, 115.562427
1552946470.567356, 289.108978, 47.802776, 115.313210
1552946470.572737, 289.108978, 47.802776, 115.313210
1552946470.580044, 287.721191, -7.477756, 115.074693
1552946470.585433, 287.721191, -7.477756, 115.074693
1552946470.591449, 287.721191, -7.477756, 115.074693
1552946470.596800, 282.902191, -136.108627, 114.578773
1552946470.602141, 279.417206, -208.090775, 114.095009
1552946470.608607, 279.417206, -208.090775, 114.095009
1552946470.614108, 274.735016, -295.970428, 113.711962
1552946470.619435, 270.005371, -362.828491, 113.450736
1552946470.624820, 270.005371, -362.828491, 113.450736
1552946470.630265, 264.987976, -419.900818, 113.352121
1552946470.635968, 259.189301, -485.929260, 113.249012
1552946470.641363, 259.189301, -485.929260, 113.249012
1552946470.647501, 252.817108, -552.830566, 113.112128
1552946470.652915, 252.817108, -552.830566, 113.112128
1552946470.658325, 246.066788, -612.555603, 112.885974
1552946470.663599, 239.193680, -660.936157, 112.683735
1552946470.669571, 239.193680, -660.936157, 112.683735
1552946470.675232, 231.825928, -710.686707, 112.530366
1552946470.680569, 223.441605, -778.556030, 112.288842
1552946470.685996, 223.441605, -778.556030, 112.288842
1552946470.691400, 214.625320, -843.170837, 112.145741
1552946470.699514, 214.625320, -843.170837, 112.145741
1552946470.704981, 205.714279, -891.480530, 112.122335
1552946470.710391, 194.180511, -923.498840, 112.176076
1552946470.716320, 194.180511, -923.498840, 112.176076
1552946470.721844, 188.037170, -954.521790, 112.370919
1552946470.727303, 177.520767, -1023.448242, 113.378267
1552946470.732596, 167.099411, -1067.503052, 114.605140
1552946470.739745, 167.099411, -1067.503052, 114.605140
1552946470.745863, 158.450790, -1051.848022, 120.651395
1552946470.751720, 149.812485, -1035.037354, 122.112896
1552946470.758034, 149.812485, -1035.037354, 122.112896
1552946470.764793, 141.350998, -1011.824951, 122.660390
1552946470.770735, 134.799683, -952.873413, 123.091232
1552946470.776243, 129.966568, -846.514465, 123.404301
1552946470.781745, 129.966568, -846.514465, 123.404301
1552946470.787606, 126.634300, -717.112488, 123.676041
1552946470.794009, 126.634300, -717.112488, 123.676041
1552946470.799459, 124.793983, -588.197754, 123.833100
1552946470.805028, 123.955727, -446.001282, 124.239700
1552946470.810802, 124.149574, -329.875397, 124.655091
1552946470.816710, 124.149574, -329.875397, 124.655091
1552946470.822258, 125.447395, -200.221893, 125.267217
1552946470.828303, 125.447395, -200.221893, 125.267217
1552946470.833765, 128.936813, -39.226254, 125.690404
1552946470.839162, 128.936813, -39.226254, 125.690404
1552946470.844516, 133.190353, 101.904861, 125.835274
1552946470.850413, 138.526215, 240.249756, 125.922657
1552946470.855757, 144.271378, 350.977600, 125.964924
1552946470.861048, 144.271378, 350.977600, 125.964924
1552946470.866474, 144.271378, 350.977600, 125.964924
1552946470.872381, 158.283371, 563.524475, 125.712198
1552946470.878055, 158.283371, 563.524475, 125.712198
1552946470.883996, 165.375183, 626.890503, 125.521441
1552946470.889475, 172.994888, 696.340637, 125.288325
1552946470.894903, 172.994888, 696.340637, 125.288325
1552946470.900282, 180.044983, 728.290161, 125.101284
1552946470.905541, 187.328857, 758.860046, 124.864887
1552946470.911016, 187.328857, 758.860046, 124.864887
1552946470.916339, 194.277039, 770.834045, 124.647144
1552946470.921711, 201.829041, 797.442627, 124.373557
1552946470.927134, 201.829041, 797.442627, 124.373557
1552946470.932324, 208.519440, 789.541626, 124.244777
1552946470.937801, 208.519440, 789.541626, 124.244777
1552946470.943144, 214.374115, 760.335571, 124.090092
1552946470.948949, 220.504150, 745.559021, 123.956524
1552946470.954377, 220.504150, 745.559021, 123.956524
1552946470.960263, 225.563965, 703.099670, 123.699299
1552946470.965476, 225.563965, 703.099670, 123.699299
1552946470.970880, 230.378738, 663.126953, 123.452045
1552946470.977568, 234.709198, 619.400940, 123.133033
1552946470.982853, 234.709198, 619.400940, 123.133033
1552946470.988608, 238.927948, 584.885132, 122.726027
1552946470.994292, 242.100296, 524.909668, 122.294843
1552946471.000176, 246.140945, 510.140869, 121.838762
1552946471.005520, 246.140945, 510.140869, 121.838762
1552946471.011444, 249.156952, 467.066803, 121.464407
1552946471.016827, 253.009674, 460.376862, 121.157127
1552946471.022718, 253.009674, 460.376862, 121.157127
1552946471.028249, 256.407257, 441.549408, 120.923213
1552946471.034120, 256.407257, 441.549408, 120.923213
1552946471.039593, 259.127502, 408.621216, 120.683649
1552946471.045009, 261.372559, 368.713531, 120.465978
1552946471.050574, 261.372559, 368.713531, 120.465978
1552946471.055985, 263.464264, 334.832336, 120.202229
1552946471.061767, 265.705902, 314.522430, 119.932370
1552946471.067081, 265.705902, 314.522430, 119.932370
1552946471.072579, 266.427216, 252.449768, 119.781660
1552946471.078128, 267.098877, 206.414337, 119.685932
1552946471.083612, 267.098877, 206.414337, 119.685932
1552946471.090371, 267.098877, 206.414337, 119.685932
1552946471.095606, 268.804871, 193.032562, 119.562402
1552946471.100952, 270.421082, 185.706299, 119.426857
1552946471.106855, 271.758667, 187.018570, 119.343611
1552946471.112597, 271.758667, 187.018570, 119.343611
1552946471.118793, 272.722504, 171.903519, 119.210813
1552946471.124314, 272.722504, 171.903519, 119.210813
1552946471.129846, 273.322083, 145.045639, 119.129297
1552946471.135239, 273.634064, 116.008644, 119.052039
1552946471.140489, 274.040161, 97.626450, 118.967390
1552946471.146040, 274.040161, 97.626450, 118.967390
1552946471.151912, 274.355927, 81.381378, 118.891121
1552946471.157513, 274.570435, 66.232750, 118.820491
1552946471.163386, 274.570435, 66.232750, 118.820491
1552946471.168755, 274.626648, 50.318161, 118.751833
1552946471.173990, 274.622253, 36.871845, 118.698027
1552946471.179862, 274.622253, 36.871845, 118.698027
1552946471.185298, 274.530823, 24.271917, 118.662279
1552946471.191239, 274.158508, 6.385859, 118.549935
1552946471.196506, 274.158508, 6.385859, 118.549935
1552946471.202146, 273.352173, -20.055387, 118.474402
1552946471.207944, 273.352173, -20.055387, 118.474402
1552946471.213820, 272.322296, -46.260994, 118.374405
1552946471.220016, 271.486908, -59.529747, 118.234250
1552946471.225283, 269.307800, -110.654747, 118.131038
1552946471.230660, 269.307800, -110.654747, 118.131038
1552946471.236248, 266.765076, -155.416183, 118.160631
1552946471.241581, 266.765076, -155.416183, 118.160631
1552946471.247493, 264.372833, -192.506653, 118.145191
1552946471.252884, 261.955688, -215.262909, 118.174586
1552946471.258313, 259.616150, -229.726837, 118.245138
1552946471.264196, 259.616150, -229.726837, 118.245138
1552946471.270086, 257.114380, -244.353104, 118.324306
1552946471.275661, 257.114380, -244.353104, 118.324306
1552946471.281117, 253.788940, -282.487396, 118.345437
1552946471.286333, 251.367310, -282.006226, 118.370897
1552946471.291787, 251.367310, -282.006226, 118.370897
1552946471.297591, 249.094864, -276.318970, 118.448457
1552946471.302924, 246.570175, -280.225708, 118.466561
1552946471.308329, 246.570175, -280.225708, 118.466561
1552946471.313632, 244.602158, -266.316620, 118.243490
1552946471.319064, 244.602158, -266.316620, 118.243490
1552946471.324471, 242.483078, -260.353607, 118.189944
1552946471.329732, 239.772964, -274.279816, 117.988998
1552946471.335123, 239.772964, -274.279816, 117.988998
1552946471.340708, 236.264481, -308.971710, 117.860996
1552946471.346307, 236.264481, -308.971710, 117.860996
1552946471.351650, 233.281006, -318.300415, 117.842552
1552946471.356907, 230.468170, -319.970886, 117.746980
1552946471.363972, 230.468170, -319.970886, 117.746980
1552946471.369447, 226.541412, -355.072357, 117.706230
1552946471.374989, 223.169693, -364.135162, 117.684915
1552946471.380712, 223.169693, -364.135162, 117.684915
1552946471.386084, 218.685867, -405.291290, 117.610466
1552946471.391513, 214.756226, -417.831543, 117.610610
1552946471.397565, 214.756226, -417.831543, 117.610610
1552946471.402891, 210.524689, -436.106659, 117.626285
1552946471.408177, 205.970428, -460.242432, 117.672524
1552946471.413643, 205.970428, -460.242432, 117.672524
1552946471.419057, 205.970428, -460.242432, 117.672524
1552946471.424370, 205.970428, -460.242432, 117.672524
1552946471.429729, 205.970428, -460.242432, 117.672524
1552946471.435292, 205.970428, -460.242432, 117.672524
1552946471.440904, 188.821838, -580.085388, 117.782880
1552946471.448176, 184.818039, -545.815796, 117.870248
1552946471.453667, 180.327484, -541.502625, 117.978117
1552946471.460590, 180.327484, -541.502625, 117.978117
1552946471.466038, 175.177887, -555.353699, 118.265815
1552946471.471394, 170.084396, -562.647400, 118.585935
1552946471.476783, 170.084396, -562.647400, 118.585935
1552946471.482112, 165.060974, -567.954590, 119.125073
1552946471.488093, 160.050354, -570.799072, 119.915437
1552946471.493975, 160.050354, -570.799072, 119.915437
1552946471.499464, 155.443069, -560.580872, 120.863286
1552946471.504694, 151.041183, -543.627014, 121.918856
1552946471.510219, 151.041183, -543.627014, 121.918856
1552946471.515601, 147.663116, -505.582367, 122.917765
1552946471.520976, 147.663116, -505.582367, 122.917765
1552946471.526393, 144.369644, -471.814911, 123.983180
1552946471.532175, 141.808655, -419.693848, 124.855364
1552946471.537559, 141.808655, -419.693848, 124.855364
1552946471.543923, 140.674438, -343.353882, 125.653701
1552946471.549536, 140.185654, -267.694977, 126.386058
1552946471.555072, 140.185654, -267.694977, 126.386058
1552946471.560643, 139.973816, -204.625885, 126.954421
1552946471.566542, 140.175644, -144.162277, 127.491395
1552946471.572504, 140.175644, -144.162277, 127.491395
1552946471.578051, 141.182724, -74.860832, 127.887923
1552946471.583553, 141.182724, -74.860832, 127.887923
1552946471.589443, 141.182724, -74.860832, 127.887923
1552946471.594740, 146.985779, 116.213570, 128.548965
1552946471.600128, 150.631836, 197.082825, 128.771385
1552946471.605499, 150.631836, 197.082825, 128.771385
1552946471.611081, 155.338928, 288.859833, 128.926767
1552946471.616869, 159.857361, 351.005951, 129.045594
1552946471.622528, 159.857361, 351.005951, 129.045594
1552946471.627988, 165.110718, 401.450500, 129.154764
1552946471.633337, 165.110718, 401.450500, 129.154764
1552946471.638866, 168.680573, 420.929626, 129.254124
1552946471.645222, 173.320099, 453.512695, 129.376743
1552946471.651148, 173.320099, 453.512695, 129.376743
1552946471.656394, 178.232178, 483.309113, 129.473254
1552946471.662281, 182.927216, 498.915283, 129.542926
1552946471.667560, 182.927216, 498.915283, 129.542926
1552946471.672895, 187.974564, 519.227051, 129.614044
1552946471.678192, 192.920929, 534.634033, 129.626905
1552946471.683645, 192.920929, 534.634033, 129.626905
1552946471.689077, 198.099167, 550.059143, 129.643181
1552946471.694440, 198.099167, 550.059143, 129.643181
1552946471.699767, 202.639648, 543.550659, 129.635733
1552946471.705285, 202.639648, 543.550659, 129.635733
1552946471.710959, 207.529724, 547.422485, 129.610801
1552946471.716334, 212.678696, 562.799377, 129.597818
1552946471.722180, 217.186981, 549.690125, 129.594031
1552946471.727519, 217.186981, 549.690125, 129.594031
1552946471.732835, 221.444046, 534.596924, 129.588747
1552946471.738176, 225.600800, 520.847229, 129.579174
1552946471.743494, 225.600800, 520.847229, 129.579174
1552946471.748972, 229.835892, 509.332550, 129.568217
1552946471.754277, 229.835892, 509.332550, 129.568217
1552946471.759653, 233.270615, 479.925751, 129.557600
1552946471.764876, 236.797394, 461.867920, 129.504020
1552946471.770373, 236.797394, 461.867920, 129.504020
1552946471.775781, 240.101822, 440.379517, 129.454573
1552946471.781080, 244.334564, 453.128510, 129.422552
1552946471.786588, 244.334564, 453.128510, 129.422552
1552946471.792372, 247.620743, 433.513428, 129.362105
1552946471.798046, 247.620743, 433.513428, 129.362105
1552946471.803449, 250.497375, 406.468750, 129.326195
1552946471.808760, 252.794403, 368.550659, 129.272894
1552946471.814149, 252.794403, 368.550659, 129.272894
1552946471.819564, 255.806824, 362.714935, 129.211714
1552946471.825067, 255.806824, 362.714935, 129.211714
1552946471.830302, 258.372650, 345.420044, 129.092790
1552946471.835715, 261.049927, 335.345337, 129.035828
1552946471.840972, 263.458954, 320.174255, 128.985781
1552946471.846867, 263.458954, 320.174255, 128.985781
1552946471.852318, 265.567566, 300.024078, 128.947332
1552946471.858332, 265.567566, 300.024078, 128.947332
1552946471.863670, 267.940491, 292.757416, 128.908545
1552946471.869489, 270.158875, 279.616608, 128.905368
1552946471.874824, 270.158875, 279.616608, 128.905368
1552946471.880693, 272.484497, 279.859955, 128.966782
1552946471.885906, 274.466980, 265.215546, 128.903032
1552946471.891221, 274.466980, 265.215546, 128.903032
1552946471.896780, 276.340149, 252.954559, 128.831422
1552946471.902586, 278.229187, 243.671371, 128.783107
1552946471.908526, 278.229187, 243.671371, 128.783107
1552946471.914004, 280.042603, 234.572144, 128.725620
1552946471.919518, 282.002258, 231.991943, 128.663727
1552946471.925330, 282.002258, 231.991943, 128.663727
1552946471.931101, 283.809845, 225.977783, 128.576826
1552946471.936306, 285.033936, 203.168808, 128.447965
1552946471.942204, 285.033936, 203.168808, 128.447965
1552946471.948094, 286.700592, 200.395706, 128.225091
1552946471.953294, 288.285278, 195.692093, 128.038579
1552946471.958788, 288.285278, 195.692093, 128.038579
1552946471.964142, 289.714661, 187.597946, 127.813909
1552946471.969927, 289.714661, 187.597946, 127.813909
1552946471.975238, 291.397003, 188.491867, 127.664606
1552946471.980517, 292.661377, 177.862793, 127.523392
1552946471.985927, 292.661377, 177.862793, 127.523392
1552946471.991669, 293.815796, 165.969513, 127.335915
1552946471.997010, 294.872803, 154.261566, 127.180160
1552946472.002477, 294.872803, 154.261566, 127.180160
1552946472.009100, 296.298370, 156.840515, 126.992438
1552946472.014879, 297.582367, 147.258270, 126.752719
1552946472.020602, 297.582367, 147.258270, 126.752719
1552946472.026460, 298.824219, 153.425842, 126.518515
1552946472.031754, 299.885742, 145.255417, 126.307417
1552946472.037148, 299.885742, 145.255417, 126.307417
1552946472.042752, 301.027802, 141.616867, 126.088604
1552946472.048207, 301.895569, 130.524948, 125.908183
1552946472.053660, 301.895569, 130.524948, 125.908183
1552946472.059025, 302.447174, 112.814728, 125.728206
1552946472.064457, 302.447174, 112.814728, 125.728206
1552946472.069810, 303.044403, 101.002380, 125.496340
1552946472.075089, 303.819885, 98.037621, 125.199414
1552946472.081471, 303.819885, 98.037621, 125.199414
1552946472.086760, 303.819885, 98.037621, 125.199414
1552946472.092022, 304.963440, 83.150459, 124.590835
1552946472.097516, 304.963440, 83.150459, 124.590835
1552946472.102816, 305.627808, 81.496559, 124.376874
1552946472.108520, 305.627808, 81.496559, 124.376874
1552946472.113962, 306.105896, 74.458298, 124.304237
1552946472.119386, 306.580475, 69.164284, 124.236344
1552946472.124683, 306.580475, 69.164284, 124.236344
1552946472.130502, 307.157379, 68.553207, 124.068772
1552946472.135789, 307.623688, 64.662689, 123.901795
1552946472.141192, 307.623688, 64.662689, 123.901795
1552946472.146487, 308.031677, 59.947433, 123.753740
1552946472.151928, 308.381836, 54.690971, 123.683803
1552946472.157396, 308.381836, 54.690971, 123.683803
1552946472.162587, 308.674835, 48.766178, 123.624365
1552946472.168103, 308.674835, 48.766178, 123.624365
1552946472.173947, 308.916748, 43.549091, 123.563165
1552946472.179616, 309.461151, 48.659908, 123.544474
1552946472.185002, 309.461151, 48.659908, 123.544474
1552946472.190297, 309.839935, 47.284145, 123.540629
1552946472.195695, 309.839935, 47.284145, 123.540629
1552946472.201014, 309.839935, 47.284145, 123.540629
1552946472.206934, 310.352448, 50.422985, 123.547451
1552946472.212285, 310.650879, 44.636787, 123.514021
1552946472.217642, 311.048553, 46.382805, 123.328541
1552946472.222923, 311.700317, 54.170307, 123.202165
1552946472.228305, 311.700317, 54.170307, 123.202165
1552946472.233606, 312.809448, 73.697060, 123.148535
1552946472.238937, 313.463074, 74.176552, 123.088580
1552946472.244260, 313.463074, 74.176552, 123.088580
1552946472.249800, 313.918060, 68.103584, 122.997471
1552946472.255441, 313.918060, 68.103584, 122.997471
1552946472.261285, 314.317017, 62.485130, 122.684970
1552946472.266504, 314.601562, 54.645988, 122.379252
1552946472.272103, 314.601562, 54.645988, 122.379252
1552946472.277537, 314.878967, 48.628109, 122.171602
1552946472.283192, 315.111542, 42.844975, 122.103523
1552946472.288832, 315.111542, 42.844975, 122.103523
1552946472.294393, 315.348145, 38.680588, 122.004658
1552946472.299725, 315.612823, 36.434978, 122.020356
1552946472.305242, 315.612823, 36.434978, 122.020356
1552946472.310529, 315.809967, 32.893147, 121.996369
1552946472.316203, 315.809967, 32.893147, 121.996369
1552946472.322026, 315.948212, 28.347731, 121.989890
1552946472.327879, 316.047058, 23.867239, 121.998637
1552946472.333280, 316.047058, 23.867239, 121.998637
1552946472.338882, 316.057861, 17.840067, 121.971518
1552946472.344339, 316.076385, 13.665779, 121.955119
1552946472.350265, 316.076385, 13.665779, 121.955119
1552946472.355824, 316.110321, 11.069780, 121.935412
1552946472.361274, 316.175385, 10.107524, 121.913547
1552946472.366788, 316.175385, 10.107524, 121.913547
1552946472.372325, 316.239258, 9.169418, 121.910224
1552946472.377829, 316.271149, 7.906172, 121.888288
1552946472.383213, 316.271149, 7.906172, 121.888288
1552946472.388485, 316.252197, 5.215692, 121.899995
1552946472.393853, 316.252197, 5.215692, 121.899995
1552946472.400355, 316.196503, 2.120935, 121.935485
1552946472.405800, 316.148956, 0.087762, 121.936410
1552946472.411425, 316.148956, 0.087762, 121.936410
1552946472.417284, 316.070526, -2.354026, 121.933225
1552946472.422580, 316.038635, -2.707087, 121.916824
1552946472.427922, 316.038635, -2.707087, 121.916824
1552946472.434875, 316.006989, -2.956003, 121.912405
1552946472.440243, 315.941254, -4.187973, 121.898686
1552946472.445559, 315.941254, -4.187973, 121.898686
1552946472.451783, 315.824982, -6.642216, 121.928282
1552946472.457257, 315.672424, -9.544327, 121.996616
1552946472.462755, 315.672424, -9.544327, 121.996616
1552946472.469404, 315.537415, -11.157665, 122.051742
1552946472.474897, 315.423920, -11.676303, 122.102499
1552946472.480351, 315.423920, -11.676303, 122.102499
1552946472.486011, 315.261108, -13.551098, 122.138558
1552946472.491417, 315.087646, -15.285644, 122.165306
1552946472.496855, 315.087646, -15.285644, 122.165306
1552946472.502549, 314.912872, -16.581663, 122.202078
1552946472.507928, 314.767578, -16.611404, 122.233647
1552946472.513328, 314.767578, -16.611404, 122.233647
1552946472.518575, 314.767578, -16.611404, 122.233647
1552946472.523968, 314.767578, -16.611404, 122.233647
1552946472.529799, 314.767578, -16.611404, 122.233647
1552946472.535204, 313.914307, -26.388205, 122.237146
1552946472.540594, 313.914307, -26.388205, 122.237146
1552946472.546386, 313.587311, -29.419746, 122.230091
1552946472.551757, 313.160797, -34.668316, 122.198932
1552946472.557636, 313.160797, -34.668316, 122.198932
1552946472.562965, 312.584808, -43.112640, 122.162848
1552946472.568257, 312.150085, -45.013500, 122.082221
1552946472.573769, 312.150085, -45.013500, 122.082221
1552946472.581735, 312.150085, -45.013500, 122.082221
1552946472.587556, 311.829346, -42.922195, 122.005976
1552946472.593407, 311.405609, -42.160458, 121.930787
1552946472.599298, 311.069763, -43.530499, 121.894242
1552946472.605403, 310.659668, -44.580177, 121.859825
1552946472.611158, 310.659668, -44.580177, 121.859825
1552946472.617048, 309.901733, -55.973507, 121.820373
1552946472.622228, 309.205170, -62.482826, 121.778460
1552946472.628066, 309.205170, -62.482826, 121.778460
1552946472.633514, 308.385071, -70.850426, 121.738528
1552946472.639569, 307.807007, -69.817627, 121.712997
1552946472.645577, 307.807007, -69.817627, 121.712997
1552946472.650905, 307.164948, -70.819801, 121.685870
1552946472.656803, 306.530762, -71.602676, 121.679417
1552946472.662370, 306.530762, -71.602676, 121.679417
1552946472.668202, 305.725342, -76.575058, 121.687883
1552946472.673438, 304.970917, -80.063057, 121.701410
1552946472.678756, 304.970917, -80.063057, 121.701410
1552946472.684136, 304.321655, -78.702553, 121.711175
1552946472.690188, 304.321655, -78.702553, 121.711175
1552946472.695824, 303.643677, -78.453217, 121.742465
1552946472.701160, 303.643677, -78.453217, 121.742465
1552946472.706711, 303.089050, -74.680428, 121.768119
1552946472.712812, 302.486908, -72.898750, 121.802299
1552946472.718058, 301.843079, -73.678841, 121.837925
1552946472.723501, 301.843079, -73.678841, 121.837925
1552946472.730094, 301.148682, -75.421127, 121.875708
1552946472.735967, 300.169952, -84.503197, 121.903710
1552946472.741278, 300.169952, -84.503197, 121.903710
1552946472.747150, 299.217773, -92.107178, 121.924471
1552946472.752711, 298.328888, -94.857903, 121.933463
1552946472.758216, 298.328888, -94.857903, 121.933463
1552946472.764084, 297.588959, -92.337959, 121.950181
1552946472.769284, 296.812561, -91.363091, 121.958648
1552946472.776235, 296.812561, -91.363091, 121.958648
1552946472.781752, 295.679596, -102.124413, 121.971283
1552946472.787067, 294.173889, -121.113144, 121.986851
1552946472.792493, 294.173889, -121.113144, 121.986851
1552946472.798564, 293.145874, -120.504402, 121.974623
1552946472.804426, 291.858337, -127.814217, 121.983897
1552946472.810164, 291.858337, -127.814217, 121.983897
1552946472.815680, 290.630585, -130.524017, 122.004586
1552946472.821062, 290.630585, -130.524017, 122.004586
1552946472.826795, 289.213226, -140.315445, 122.016954
1552946472.832660, 288.136963, -135.884277, 122.029617
1552946472.838298, 286.948303, -136.062241, 122.047287
1552946472.843671, 286.948303, -136.062241, 122.047287
1552946472.849301, 285.354065, -146.933029, 122.069852
1552946472.855207, 285.354065, -146.933029, 122.069852
1552946472.860659, 284.059631, -149.726654, 122.098682
1552946472.866216, 282.669739, -152.620438, 122.097896
1552946472.872119, 281.963501, -133.608887, 122.066509
1552946472.879210, 281.963501, -133.608887, 122.066509
1552946472.884702, 280.527832, -142.078156, 121.995653
1552946472.890042, 279.210541, -144.774872, 121.940477
1552946472.895734, 279.210541, -144.774872, 121.940477
1552946472.902924, 277.426086, -160.936554, 121.831574
1552946472.908787, 275.900238, -164.786362, 121.689804
1552946472.914249, 275.900238, -164.786362, 121.689804
1552946472.920266, 274.368011, -168.054321, 121.617401
1552946472.925838, 272.813446, -171.177643, 121.555892
1552946472.931378, 272.813446, -171.177643, 121.555892
1552946472.937039, 270.745941, -189.048065, 121.500510
1552946472.942579, 269.466492, -177.920395, 121.494001
1552946472.948123, 269.466492, -177.920395, 121.494001
1552946472.954115, 268.500061, -160.243866, 121.510475
1552946472.959679, 267.679382, -142.825974, 121.532717
1552946472.966281, 267.679382, -142.825974, 121.532717
1552946472.971707, 266.606079, -137.609390, 121.652977
1552946472.978338, 265.364532, -139.287781, 121.782267
1552946472.983688, 265.364532, -139.287781, 121.782267
1552946472.989786, 264.127045, -139.725220, 121.898934
1552946472.995056, 262.652130, -148.149994, 121.957904
1552946473.000444, 262.652130, -148.149994, 121.957904
1552946473.007013, 261.620636, -140.344437, 121.964297
1552946473.012478, 260.290436, -143.916061, 122.006969
1552946473.017962, 260.290436, -143.916061, 122.006969
1552946473.023578, 258.719482, -153.689789, 122.055456
1552946473.029290, 258.719482, -153.689789, 122.055456
1552946473.034853, 257.470703, -150.813736, 122.115689
1552946473.041131, 256.367432, -144.976608, 122.138567
1552946473.046322, 255.363937, -137.230606, 122.208260
1552946473.051835, 255.363937, -137.230606, 122.208260
1552946473.059599, 254.326859, -132.438095, 122.237644
1552946473.065550, 253.355118, -127.031349, 122.270699
1552946473.070749, 253.355118, -127.031349, 122.270699
1552946473.080964, 252.235825, -127.577637, 122.269080
1552946473.086484, 250.901367, -134.547287, 122.262311
1552946473.091696, 249.366272, -143.568665, 122.243160
1552946473.097198, 249.366272, -143.568665, 122.243160
1552946473.102474, 247.811508, -155.526154, 122.243819
1552946473.108237, 245.896957, -173.017014, 122.212312
1552946473.113685, 245.896957, -173.017014, 122.212312
1552946473.119281, 243.610168, -196.936691, 122.190600
1552946473.124720, 241.497986, -208.275558, 122.206065
1552946473.130135, 241.497986, -208.275558, 122.206065
1552946473.135529, 241.497986, -208.275558, 122.206065
1552946473.140928, 239.278793, -222.245117, 122.196045
1552946473.146368, 236.578644, -246.156967, 122.171120
1552946473.151650, 233.916641, -258.970978, 122.167336
1552946473.157004, 233.916641, -258.970978, 122.167336
1552946473.162864, 232.198792, -245.809235, 122.147764
1552946473.168327, 229.541260, -262.012756, 122.106821
1552946473.173573, 229.541260, -262.012756, 122.106821
1552946473.180683, 226.125076, -297.049011, 122.073062
1552946473.186185, 226.125076, -297.049011, 122.073062
1552946473.192877, 222.148666, -316.300049, 121.994151
1552946473.200589, 219.148315, -336.817383, 121.927425
1552946473.205947, 219.148315, -336.817383, 121.927425
1552946473.211627, 215.600082, -361.091095, 121.859340
1552946473.216962, 211.951614, -383.322479, 121.777927
1552946473.222353, 207.508453, -420.886566, 121.718911
1552946473.227699, 207.508453, -420.886566, 121.718911
1552946473.233698, 202.424652, -464.507416, 121.747077
1552946473.239136, 196.955734, -507.552887, 121.847117
1552946473.244574, 196.955734, -507.552887, 121.847117
1552946473.249952, 191.721039, -532.506775, 122.112162
1552946473.255459, 186.093933, -564.970581, 122.523661
1552946473.260747, 186.093933, -564.970581, 122.523661
1552946473.266552, 179.798843, -608.347839, 123.096313
1552946473.271820, 179.798843, -608.347839, 123.096313
1552946473.277362, 173.290482, -646.302673, 123.606428
1552946473.282810, 166.751572, -675.470032, 125.943806
1552946473.288474, 166.751572, -675.470032, 125.943806
1552946473.294406, 159.623123, -713.451416, 127.272001
1552946473.299822, 153.439423, -714.773010, 128.039966
1552946473.305381, 153.439423, -714.773010, 128.039966
1552946473.310762, 146.996674, -721.185852, 128.551949
1552946473.316581, 146.996674, -721.185852, 128.551949
1552946473.321840, 141.120804, -709.362427, 128.844565
1552946473.328397, 137.292984, -638.010498, 129.153143
1552946473.334068, 137.292984, -638.010498, 129.153143
1552946473.339694, 133.277451, -592.552490, 129.269246
1552946473.345030, 130.349854, -524.108459, 129.424023
1552946473.350430, 130.349854, -524.108459, 129.424023
1552946473.355733, 128.426147, -443.806610, 129.573491
1552946473.361329, 125.749710, -408.181580, 129.757416
1552946473.366640, 125.749710, -408.181580, 129.757416
1552946473.372853, 125.712166, -300.791870, 129.905904
1552946473.378795, 128.746536, -127.380974, 130.786622
1552946473.384222, 128.746536, -127.380974, 130.786622
1552946473.389514, 130.387329, -43.127518, 130.961813
1552946473.395487, 131.730667, 9.623668, 130.885364
1552946473.400792, 131.730667, 9.623668, 130.885364
1552946473.406385, 134.456360, 90.757599, 130.933580
1552946473.411832, 134.456360, 90.757599, 130.933580
1552946473.417662, 137.251617, 152.961105, 132.942547
1552946473.423147, 141.375336, 238.617096, 132.334862
1552946473.429129, 141.375336, 238.617096, 132.334862
1552946473.434603, 145.290054, 295.050568, 132.545350
1552946473.440046, 149.444489, 343.838440, 132.130498
1552946473.445560, 149.444489, 343.838440, 132.130498
1552946473.451060, 153.658447, 382.502899, 131.905342
1552946473.456538, 158.161819, 418.909668, 131.325155
1552946473.462054, 162.470322, 438.795837, 130.716733
1552946473.467624, 162.470322, 438.795837, 130.716733
1552946473.472917, 167.213806, 468.082458, 130.200938
1552946473.479672, 167.213806, 468.082458, 130.200938
1552946473.484980, 171.516541, 475.539032, 129.660297
1552946473.490329, 176.714066, 508.310425, 129.205112
1552946473.495646, 176.714066, 508.310425, 129.205112
1552946473.501179, 181.208191, 509.763733, 128.859751
1552946473.507170, 181.208191, 509.763733, 128.859751
1552946473.512718, 186.013351, 519.095154, 128.535376
1552946473.518339, 186.013351, 519.095154, 128.535376
1552946473.524278, 190.433792, 520.560913, 128.192535
1552946473.529531, 194.601440, 509.910156, 127.852222
1552946473.535448, 198.717209, 500.702972, 127.505236
1552946473.541438, 198.717209, 500.702972, 127.505236
1552946473.547123, 202.603424, 486.097656, 127.243236
1552946473.552788, 207.086121, 494.597900, 127.029848
1552946473.558360, 210.968750, 481.797363, 126.801313
1552946473.563875, 210.968750, 481.797363, 126.801313
1552946473.569496, 214.523453, 462.873322, 126.554341
1552946473.575454, 214.523453, 462.873322, 126.554341
1552946473.581628, 217.883820, 443.027466, 126.311914
1552946473.587714, 217.883820, 443.027466, 126.311914
1552946473.593174, 222.513916, 466.983276, 125.964854
1552946473.598641, 225.420288, 432.100586, 125.572038
1552946473.603966, 226.574921, 350.037048, 125.162324
1552946473.609247, 227.373779, 283.399078, 124.718960
1552946473.614652, 227.373779, 283.399078, 124.718960
1552946473.619998, 227.373779, 283.399078, 124.718960
1552946473.625384, 227.373779, 283.399078, 124.718960
1552946473.630814, 227.373779, 283.399078, 124.718960
1552946473.636067, 231.079544, 198.151398, 124.165164
1552946473.642028, 231.079544, 198.151398, 124.165164
1552946473.648249, 231.844727, 168.942459, 124.032682
1552946473.653802, 232.686462, 149.916595, 123.803469
1552946473.659115, 232.686462, 149.916595, 123.803469
1552946473.665080, 233.090988, 122.351112, 123.537332
1552946473.670689, 233.090988, 122.351112, 123.537332
1552946473.676196, 233.057495, 88.842949, 123.159490
1552946473.682081, 232.874374, 59.653450, 122.661342
1552946473.687734, 232.874374, 59.653450, 122.661342
1552946473.693113, 232.384384, 28.682558, 122.115405
1552946473.699482, 232.034561, 10.294921, 121.695542
1552946473.704814, 232.034561, 10.294921, 121.695542
1552946473.711293, 231.306458, -14.669606, 121.200040
1552946473.716982, 229.966415, -53.008610, 120.927222
1552946473.722851, 228.169922, -94.154564, 120.396602
1552946473.728266, 228.169922, -94.154564, 120.396602
1552946473.734447, 225.246460, -158.658051, 119.856353
1552946473.739697, 221.983810, -216.781433, 119.236029
1552946473.745160, 221.983810, -216.781433, 119.236029
1552946473.750498, 218.016083, -280.824524, 118.557672
1552946473.755849, 218.016083, -280.824524, 118.557672
1552946473.761297, 213.336243, -349.361542, 117.886736
1552946473.767019, 208.371384, -408.590179, 117.385862
1552946473.772702, 208.371384, -408.590179, 117.385862
1552946473.779066, 202.437744, -482.046570, 116.998690
1552946473.784340, 196.188843, -545.984314, 116.773677
1552946473.789719, 196.188843, -545.984314, 116.773677
1552946473.795748, 189.678848, -600.074768, 116.550549
1552946473.801251, 182.320343, -666.352661, 116.372830
1552946473.807492, 182.320343, -666.352661, 116.372830
1552946473.813707, 175.038300, -710.696045, 116.302234
1552946473.819051, 166.784851, -767.289001, 116.305308
1552946473.824434, 166.784851, -767.289001, 116.305308
1552946473.830235, 160.386887, -769.313904, 116.608826
1552946473.835558, 160.386887, -769.313904, 116.608826
1552946473.840914, 153.308380, -776.084717, 116.984870
1552946473.846485, 146.476089, -785.207275, 117.549104
1552946473.852527, 146.476089, -785.207275, 117.549104
1552946473.859970, 146.476089, -785.207275, 117.549104
1552946473.865554, 141.410141, -731.954895, 120.934378
1552946473.870821, 141.410141, -731.954895, 120.934378
1552946473.876924, 132.859756, -619.084351, 123.618288
1552946473.882251, 129.866837, -548.583984, 124.105065
1552946473.887581, 129.866837, -548.583984, 124.105065
1552946473.893733, 128.438217, -446.206909, 124.408654
1552946473.899673, 127.598251, -353.373566, 124.528434
1552946473.905570, 127.598251, -353.373566, 124.528434
1552946473.911270, 127.309319, -267.829681, 124.588660
1552946473.917009, 127.669182, -183.241852, 124.696342
1552946473.922324, 127.669182, -183.241852, 124.696342
1552946473.928844, 129.868484, -68.441063, 124.869449
1552946473.934258, 133.511047, 61.433510, 124.965549
1552946473.939610, 137.773102, 178.875916, 125.003434
1552946473.945586, 137.773102, 178.875916, 125.003434
1552946473.951586, 137.773102, 178.875916, 125.003434
1552946473.957470, 143.583801, 309.566895, 125.012371
1552946473.962751, 149.315704, 401.750458, 125.049590
1552946473.968964, 155.290512, 479.338867, 125.030967
1552946473.974298, 155.290512, 479.338867, 125.030967
1552946473.979713, 162.975800, 558.647217, 125.035826
1552946473.984963, 168.562531, 611.090942, 125.015328
1552946473.990310, 168.562531, 611.090942, 125.015328
1552946473.995703, 175.629028, 667.826233, 124.983979
1552946474.001004, 182.447830, 700.734680, 124.958408
1552946474.006414, 182.447830, 700.734680, 124.958408
1552946474.011995, 189.517700, 728.170898, 124.912812
1552946474.018297, 189.517700, 728.170898, 124.912812
1552946474.023930, 196.348541, 745.929871, 124.772114
1552946474.029703, 203.146500, 756.077209, 124.645240
1552946474.035322, 203.146500, 756.077209, 124.645240
1552946474.041580, 209.060715, 737.075439, 124.446588
1552946474.047021, 209.060715, 737.075439, 124.446588
1552946474.052312, 219.257141, 667.659607, 123.473248
1552946474.057752, 219.257141, 667.659607, 123.473248
1552946474.063304, 219.257141, 667.659607, 123.473248
1552946474.069517, 223.638168, 626.433899, 122.639896
1552946474.075072, 227.901077, 577.099915, 121.871685
1552946474.083343, 227.901077, 577.099915, 121.871685
1552946474.088701, 230.930130, 523.650391, 121.160537
1552946474.094447, 230.930130, 523.650391, 121.160537
1552946474.099980, 234.471924, 431.667297, 120.348099
1552946474.105560, 237.917389, 370.628937, 118.839042
1552946474.110984, 237.917389, 370.628937, 118.839042
1552946474.116451, 239.113892, 308.990021, 118.076185
1552946474.121661, 243.830124, 371.851868, 118.024230
1552946474.126919, 243.830124, 371.851868, 118.024230
1552946474.132362, 245.811890, 334.064911, 118.090262
1552946474.138762, 245.811890, 334.064911, 118.090262
1552946474.144057, 245.915848, 246.152847, 117.356380
1552946474.149374, 245.547134, 170.495071, 116.452709
1552946474.154812, 245.547134, 170.495071, 116.452709
1552946474.160199, 241.810928, 10.695457, 114.810417
1552946474.165479, 237.801392, -115.124832, 113.619745
1552946474.170893, 237.801392, -115.124832, 113.619745
1552946474.176748, 234.046982, -199.592667, 112.683902
1552946474.182645, 234.046982, -199.592667, 112.683902
1552946474.188211, 230.879974, -243.610306, 111.879634
1552946474.193836, 226.527054, -312.392731, 111.186282
1552946474.200178, 226.527054, -312.392731, 111.186282
1552946474.205570, 221.199356, -392.619232, 110.815216
1552946474.211208, 216.832626, -421.967438, 110.613147
1552946474.216705, 211.489655, -473.868896, 110.473029
1552946474.222078, 211.489655, -473.868896, 110.473029
1552946474.227401, 204.643356, -557.897522, 110.362507
1552946474.232789, 204.643356, -557.897522, 110.362507
1552946474.238654, 198.070633, -609.297058, 110.312457
1552946474.244076, 191.454269, -651.730530, 110.555546
1552946474.249751, 191.454269, -651.730530, 110.555546
1552946474.255228, 184.070908, -700.895203, 111.029289
1552946474.260808, 184.070908, -700.895203, 111.029289
1552946474.266334, 177.318649, -726.378906, 111.909806
1552946474.272206, 170.281250, -748.325012, 112.797597
1552946474.277889, 170.281250, -748.325012, 112.797597
1552946474.283238, 163.244858, -766.034058, 113.767802
1552946474.288546, 156.910004, -753.179688, 115.118587
1552946474.296295, 156.910004, -753.179688, 115.118587
1552946474.301893, 151.688049, -715.631714, 116.557432
1552946474.307952, 147.600601, -643.506531, 118.051754
1552946474.313795, 145.146347, -554.547302, 119.276662
1552946474.319955, 145.146347, -554.547302, 119.276662
1552946474.325442, 145.146347, -554.547302, 119.276662
1552946474.331379, 144.637222, -419.905853, 124.122195
1552946474.336971, 144.326996, -312.751740, 125.576066
1552946474.342309, 144.095154, -237.815781, 125.886093
1552946474.347649, 144.095154, -237.815781, 125.886093
1552946474.353036, 146.455841, -104.714333, 126.190035
1552946474.358425, 150.834793, 57.638660, 126.416985
1552946474.364095, 150.834793, 57.638660, 126.416985
1552946474.369543, 155.752548, 194.242767, 126.544059
1552946474.374864, 161.598343, 322.255707, 126.590258
1552946474.380348, 161.598343, 322.255707, 126.590258
1552946474.385674, 168.077454, 434.985291, 126.567718
1552946474.391193, 168.077454, 434.985291, 126.567718
1552946474.396462, 175.208954, 538.376587, 126.502995
1552946474.402213, 182.244568, 610.331177, 126.401685
1552946474.408046, 190.214584, 693.008240, 126.309507
1552946474.413329, 190.214584, 693.008240, 126.309507
1552946474.418613, 198.072922, 749.697449, 126.228088
1552946474.423916, 198.072922, 749.697449, 126.228088
1552946474.429264, 205.746582, 785.756042, 126.140019
1552946474.435168, 205.746582, 785.756042, 126.140019
1552946474.440958, 212.439102, 781.618469, 125.918089
1552946474.446369, 218.534531, 758.431274, 125.404174
1552946474.451644, 224.944809, 755.193054, 124.921428
1552946474.457040, 224.944809, 755.193054, 124.921428
1552946474.462645, 230.992981, 740.560547, 124.478531
1552946474.468056, 230.992981, 740.560547, 124.478531
1552946474.473509, 236.702530, 697.784851, 123.856031
1552946474.479866, 241.533401, 679.955627, 123.377367
1552946474.485783, 241.533401, 679.955627, 123.377367
1552946474.491056, 247.108246, 649.758972, 122.858104
1552946474.496560, 250.060226, 586.629944, 122.451164
1552946474.502284, 256.264801, 620.908142, 122.239357
1552946474.507749, 256.264801, 620.908142, 122.239357
1552946474.513030, 259.070801, 541.661011, 121.945005
1552946474.519075, 259.070801, 541.661011, 121.945005
1552946474.524800, 260.798340, 451.019867, 121.612339
1552946474.530683, 260.798340, 451.019867, 121.612339
1552946474.535948, 264.725281, 451.335419, 121.580667
1552946474.541398, 267.696747, 420.701538, 121.427813
1552946474.546980, 268.230743, 326.833527, 121.311921
1552946474.552319, 268.230743, 326.833527, 121.311921
1552946474.557761, 267.959595, 230.973816, 121.058228
1552946474.563213, 267.959595, 230.973816, 121.058228
1552946474.568616, 267.120087, 143.908951, 120.952114
1552946474.574199, 265.150513, 45.298283, 120.654621
1552946474.583157, 265.150513, 45.298283, 120.654621
1552946474.588512, 265.150513, 45.298283, 120.654621
1552946474.594031, 257.567810, -178.554321, 120.005786
1552946474.599636, 257.567810, -178.554321, 120.005786
1552946474.605735, 253.226700, -262.594391, 119.640489
1552946474.612405, 248.340897, -347.432648, 119.277815
1552946474.617663, 242.296494, -442.826721, 119.549666
1552946474.623113, 242.296494, -442.826721, 119.549666
1552946474.628911, 235.224701, -542.303955, 118.791618
1552946474.634207, 228.469238, -605.930603, 117.924953
1552946474.640009, 228.469238, -605.930603, 117.924953
1552946474.646206, 220.716766, -681.547668, 117.608376
1552946474.651668, 212.734955, -745.250366, 117.397784
1552946474.657041, 212.734955, -745.250366, 117.397784
1552946474.667597, 203.892624, -818.853821, 117.168057
1552946474.675151, 203.892624, -818.853821, 117.168057
1552946474.681730, 194.679520, -883.935852, 116.968485
1552946474.687053, 183.711990, -939.299316, 116.852806
1552946474.692380, 176.071838, -963.775696, 117.038927
1552946474.698906, 176.071838, -963.775696, 117.038927
1552946474.704381, 166.062943, -987.543213, 117.593209
1552946474.709805, 158.069046, -994.044006, 118.190667
1552946474.715128, 150.073563, -985.436096, 119.037612
1552946474.720551, 150.073563, -985.436096, 119.037612
1552946474.725917, 150.073563, -985.436096, 119.037612
1552946474.731713, 150.073563, -985.436096, 119.037612
1552946474.737039, 150.073563, -985.436096, 119.037612
1552946474.742446, 128.974579, -880.692322, 120.971772
1552946474.747760, 127.135063, -702.605957, 121.483223
1552946474.753115, 127.135063, -702.605957, 121.483223
1552946474.760159, 126.501534, -534.330811, 122.065672
1552946474.766045, 126.309258, -393.270416, 122.512079
1552946474.771366, 126.309258, -393.270416, 122.512079
1552946474.777256, 126.318268, -290.089783, 122.955777
1552946474.782864, 126.318268, -290.089783, 122.955777
1552946474.788288, 126.978378, -193.810364, 123.670571
1552946474.793742, 130.253708, -40.586357, 124.328281
1552946474.799162, 134.523941, 101.622543, 124.854942
1552946474.804781, 134.523941, 101.622543, 124.854942
1552946474.810379, 140.328781, 253.074493, 125.174327
1552946474.815697, 140.328781, 253.074493, 125.174327
1552946474.821640, 146.619217, 378.371613, 125.417828
1552946474.829872, 153.481033, 488.380890, 125.518068
1552946474.835599, 160.592926, 576.056519, 125.551493
1552946474.841150, 160.592926, 576.056519, 125.551493
1552946474.846535, 167.773392, 643.801453, 125.557428
1552946474.852189, 175.099640, 697.012085, 125.551186
1552946474.857628, 175.099640, 697.012085, 125.551186
1552946474.862974, 181.904556, 718.319275, 125.506496
1552946474.868336, 189.851898, 773.185974, 125.407816
1552946474.873809, 189.851898, 773.185974, 125.407816
1552946474.879238, 189.851898, 773.185974, 125.407816
1552946474.884629, 202.993057, 765.940552, 125.168968
1552946474.890597, 202.993057, 765.940552, 125.168968
1552946474.898961, 208.991486, 745.865112, 124.942457
1552946474.904268, 213.819046, 688.370056, 124.532939
1552946474.909593, 213.819046, 688.370056, 124.532939
1552946474.915034, 217.460709, 623.803406, 124.007960
1552946474.921208, 217.460709, 623.803406, 124.007960
1552946474.927082, 222.003098, 597.048340, 123.473197
1552946474.932381, 224.796097, 516.955505, 122.815842
1552946474.937703, 227.476288, 467.415405, 122.198032
1552946474.943435, 227.476288, 467.415405, 122.198032
1552946474.948910, 229.582428, 408.382172, 121.550285
1552946474.954357, 232.531723, 390.043610, 121.177950
1552946474.959639, 232.531723, 390.043610, 121.177950
1552946474.966613, 233.849731, 326.491211, 120.840717
1552946474.971978, 237.804520, 361.169128, 120.711802
1552946474.977679, 237.804520, 361.169128, 120.711802
1552946474.984010, 240.811722, 355.219818, 120.472307
1552946474.989355, 241.618530, 287.182648, 120.255974
1552946474.995116, 241.618530, 287.182648, 120.255974
1552946475.001028, 241.621201, 207.807755, 120.125565
1552946475.006670, 241.182938, 141.366821, 119.978975
1552946475.012534, 241.182938, 141.366821, 119.978975
1552946475.020301, 239.439957, 50.156052, 119.793153
1552946475.027490, 236.179321, -63.228569, 119.570384
1552946475.033334, 232.387390, -162.803589, 119.377591
1552946475.039272, 232.387390, -162.803589, 119.377591
1552946475.044923, 227.675919, -263.837799, 119.238521
1552946475.050402, 223.978439, -306.646423, 118.967794
1552946475.057008, 223.978439, -306.646423, 118.967794
1552946475.064351, 223.978439, -306.646423, 118.967794
1552946475.071434, 219.216156, -371.522400, 118.760856
1552946475.077523, 213.106323, -404.023560, 118.591862
1552946475.085518, 213.106323, -404.023560, 118.591862
1552946475.093186, 209.956833, -444.545349, 118.558814
1552946475.098803, 202.185379, -470.296875, 118.580967
1552946475.105825, 200.214554, -490.977783, 118.600292
1552946475.111765, 192.996201, -587.463257, 118.570150
1552946475.117423, 186.322067, -662.219971, 118.587453
1552946475.122804, 186.322067, -662.219971, 118.587453
1552946475.130424, 179.239182, -703.984924, 118.709979
1552946475.135696, 179.239182, -703.984924, 118.709979
1552946475.141590, 172.725952, -716.226624, 118.891827
1552946475.147136, 172.725952, -716.226624, 118.891827
1552946475.153368, 165.247986, -728.430725, 119.155006
1552946475.158661, 152.445129, -754.153076, 119.551567
1552946475.163985, 152.445129, -754.153076, 119.551567
1552946475.169378, 146.513229, -736.570312, 119.785922
1552946475.175265, 140.775803, -714.802979, 120.519498
1552946475.181161, 140.775803, -714.802979, 120.519498
1552946475.187058, 135.646469, -685.208374, 121.422937
1552946475.192556, 128.111221, -734.498413, 122.099376
1552946475.199523, 128.111221, -734.498413, 122.099376
1552946475.205861, 123.588539, -677.795288, 122.513371
1552946475.211795, 118.000336, -654.871155, 122.960783
1552946475.217800, 115.985199, -554.444153, 123.413024
1552946475.223085, 115.985199, -554.444153, 123.413024
1552946475.228768, 113.449440, -480.256561, 123.932452
1552946475.234359, 113.449440, -480.256561, 123.932452
1552946475.239985, 110.420029, -449.575684, 124.368130
1552946475.246420, 109.862915, -347.409424, 124.903619
1552946475.252422, 109.862915, -347.409424, 124.903619
1552946475.257769, 109.873177, -252.630890, 125.432030
1552946475.264715, 109.724655, -191.554932, 125.939346
1552946475.270682, 112.281532, -62.169422, 126.432919
1552946475.276348, 112.281532, -62.169422, 126.432919
1552946475.281756, 115.919502, 65.974266, 126.906254
1552946475.287157, 120.229675, 178.923447, 127.255070
1552946475.293143, 120.229675, 178.923447, 127.255070
1552946475.298921, 124.868881, 276.730713, 127.481481
1552946475.304515, 130.953491, 389.141937, 127.626952
1552946475.309838, 130.953491, 389.141937, 127.626952
1552946475.315231, 136.786163, 465.463684, 127.703067
1552946475.321200, 142.687393, 522.336243, 127.771199
1552946475.326459, 142.687393, 522.336243, 127.771199
1552946475.331757, 148.664078, 567.684937, 127.807034
1552946475.337055, 155.102966, 609.460938, 127.818056
1552946475.342444, 155.102966, 609.460938, 127.818056
1552946475.347888, 161.558441, 643.858643, 127.830974
1552946475.353152, 161.558441, 643.858643, 127.830974
1552946475.358698, 167.927963, 665.958801, 127.731069
1552946475.364578, 173.847641, 678.171204, 127.572506
1552946475.370294, 180.094543, 690.255005, 127.406555
1552946475.375908, 180.094543, 690.255005, 127.406555
1552946475.381789, 185.277695, 665.233582, 127.056697
1552946475.387132, 190.870056, 660.447571, 126.505324
1552946475.392944, 190.870056, 660.447571, 126.505324
1552946475.398918, 196.409424, 654.155151, 126.129223
1552946475.404529, 196.409424, 654.155151, 126.129223
1552946475.410203, 202.299362, 660.734985, 125.781766
1552946475.415548, 207.062668, 628.772766, 125.297685
1552946475.420914, 207.062668, 628.772766, 125.297685
1552946475.426346, 213.170685, 651.374634, 124.695182
1552946475.432110, 217.322113, 605.709045, 123.989903
1552946475.437536, 217.322113, 605.709045, 123.989903
1552946475.443084, 219.946014, 524.871155, 123.280448
1552946475.448612, 219.946014, 524.871155, 123.280448
1552946475.453984, 222.801208, 472.398926, 122.922172
1552946475.459585, 224.063080, 385.770782, 122.559312
1552946475.465302, 224.063080, 385.770782, 122.559312
1552946475.471020, 225.064377, 314.207092, 122.184897
1552946475.476960, 226.854065, 285.363495, 121.803592
1552946475.482422, 226.854065, 285.363495, 121.803592
1552946475.488283, 228.061829, 246.398849, 121.470476
1552946475.494122, 228.864273, 205.422318, 121.199720
1552946475.500194, 228.864273, 205.422318, 121.199720
1552946475.505769, 232.097565, 249.836792, 121.133554
1552946475.511242, 233.940063, 238.713226, 120.362935
1552946475.516898, 233.940063, 238.713226, 120.362935
1552946475.522829, 234.711411, 199.781799, 119.886564
1552946475.528243, 235.135544, 159.816757, 119.634836
1552946475.533514, 235.385971, 125.093315, 119.527913
1552946475.539098, 235.385971, 125.093315, 119.527913
1552946475.544512, 235.445236, 93.591515, 119.489496
1552946475.550180, 235.445236, 93.591515, 119.489496
1552946475.556270, 235.329987, 63.433880, 119.427086
1552946475.561989, 234.697159, 28.103468, 119.377197
1552946475.567778, 234.697159, 28.103468, 119.377197
1552946475.574032, 233.535217, -15.018436, 119.267700
1552946475.582331, 233.535217, -15.018436, 119.267700
1552946475.587691, 231.020721, -88.137161, 119.610822
1552946475.593123, 229.689941, -98.762360, 119.543892
1552946475.598836, 228.439835, -118.652481, 119.469338
1552946475.604488, 228.439835, -118.652481, 119.469338
1552946475.610023, 225.502411, -177.442749, 119.385962
1552946475.615900, 222.842117, -211.728928, 119.154078
1552946475.621183, 222.842117, -211.728928, 119.154078
1552946475.626594, 219.996826, -242.317352, 118.936562
1552946475.631841, 216.861099, -274.496643, 118.819448
1552946475.637353, 216.861099, -274.496643, 118.819448
1552946475.642747, 213.377441, -308.422882, 118.774903
1552946475.648198, 210.279556, -320.518097, 118.739576
1552946475.653849, 210.279556, -320.518097, 118.739576
1552946475.659444, 206.075272, -365.286896, 118.674760
1552946475.664996, 206.075272, -365.286896, 118.674760
1552946475.670331, 202.496841, -377.531433, 118.569561
1552946475.675664, 199.391006, -372.592377, 118.507676
1552946475.681554, 199.391006, -372.592377, 118.507676
1552946475.686868, 195.639221, -388.319794, 118.378941
1552946475.692734, 195.639221, -388.319794, 118.378941
1552946475.700016, 190.955963, -428.547119, 118.305677
1552946475.705477, 190.955963, -428.547119, 118.305677
1552946475.711361, 186.354935, -454.003632, 118.234020
1552946475.716852, 182.663788, -448.657776, 118.200248
1552946475.722347, 178.646667, -449.036591, 118.291459
1552946475.727818, 178.646667, -449.036591, 118.291459
1552946475.733474, 174.943237, -446.843170, 118.371642
1552946475.738937, 171.055817, -445.608459, 118.426476
1552946475.744234, 171.055817, -445.608459, 118.426476
1552946475.749620, 167.232956, -445.840790, 118.532651
1552946475.755106, 162.650604, -466.768890, 118.709054
1552946475.760442, 162.650604, -466.768890, 118.709054
1552946475.765785, 158.345734, -475.537689, 118.935877
1552946475.771161, 158.345734, -475.537689, 118.935877
1552946475.776743, 154.344162, -472.047455, 119.094245
1552946475.782104, 150.884277, -452.464508, 119.569606
1552946475.787566, 146.636932, -462.222656, 119.992493
1552946475.792942, 146.636932, -462.222656, 119.992493
1552946475.798281, 142.958817, -452.160431, 120.352609
1552946475.803726, 142.958817, -452.160431, 120.352609
1552946475.809142, 139.577606, -435.596161, 120.951417
1552946475.814429, 135.996582, -429.953522, 121.293640
1552946475.819802, 135.996582, -429.953522, 121.293640
1552946475.825536, 135.996582, -429.953522, 121.293640
1552946475.830939, 135.996582, -429.953522, 121.293640
1552946475.836772, 135.996582, -429.953522, 121.293640
1552946475.842187, 126.903580, -381.272461, 121.772176
1552946475.848287, 126.903580, -381.272461, 121.772176
1552946475.853638, 125.480232, -322.005829, 121.957735
1552946475.859048, 124.420944, -269.509552, 122.316549
1552946475.864760, 124.420944, -269.509552, 122.316549
1552946475.870561, 123.823006, -216.512787, 122.776178
1552946475.876863, 123.320320, -174.332397, 123.653697
1552946475.882138, 123.320320, -174.332397, 123.653697
1552946475.887696, 121.549812, -180.805954, 124.518978
1552946475.895994, 121.549812, -180.805954, 124.518978
1552946475.901398, 121.666992, -129.001099, 125.148564
1552946475.906938, 122.617027, -66.265251, 125.621027
1552946475.912269, 124.445526, 7.613506, 126.023567
1552946475.918723, 124.445526, 7.613506, 126.023567
1552946475.924187, 126.715530, 75.550591, 126.304642
1552946475.929730, 130.145447, 158.814789, 126.605477
1552946475.935004, 133.515121, 222.838898, 126.806750
1552946475.940914, 133.515121, 222.838898, 126.806750
1552946475.946857, 133.515121, 222.838898, 126.806750
1552946475.952337, 136.922913, 268.138336, 127.039979
1552946475.957730, 140.601212, 309.557129, 127.319631
1552946475.964764, 144.357010, 341.430359, 127.562020
1552946475.970056, 144.357010, 341.430359, 127.562020
1552946475.975387, 148.481323, 378.499359, 127.730384
1552946475.980997, 153.172058, 419.774109, 127.896631
1552946475.986696, 153.172058, 419.774109, 127.896631
1552946475.992516, 157.418991, 440.369385, 128.039410
1552946475.998371, 161.808624, 458.155487, 128.156777
1552946476.003983, 166.246979, 472.456696, 128.267853
1552946476.009812, 166.246979, 472.456696, 128.267853
1552946476.015628, 170.946426, 490.283691, 128.344868
1552946476.020920, 170.946426, 490.283691, 128.344868
1552946476.026254, 175.249298, 492.591309, 128.360756
1552946476.032070, 180.100250, 509.867310, 128.360746
1552946476.037432, 180.100250, 509.867310, 128.360746
1552946476.042794, 185.083603, 527.325378, 128.347403
1552946476.048078, 189.560806, 524.774841, 128.336630
1552946476.053574, 189.560806, 524.774841, 128.336630
1552946476.059478, 194.751175, 544.492981, 128.325878
1552946476.064994, 199.909988, 551.656311, 128.253744
1552946476.070507, 199.909988, 551.656311, 128.253744
1552946476.076627, 204.707993, 558.305542, 128.214440
1552946476.083392, 204.707993, 558.305542, 128.214440
1552946476.089668, 208.714661, 531.755859, 128.065819
1552946476.094896, 213.414932, 529.632141, 127.751296
1552946476.100082, 217.737534, 526.634277, 127.541066
1552946476.105851, 217.737534, 526.634277, 127.541066
1552946476.111716, 221.800064, 511.938049, 127.312705
1552946476.117195, 221.800064, 511.938049, 127.312705
1552946476.123050, 225.577820, 491.390045, 127.098588
1552946476.129928, 229.721542, 486.312622, 126.912838
1552946476.135290, 229.721542, 486.312622, 126.912838
1552946476.141475, 233.867645, 467.958496, 126.769880
1552946476.147008, 237.041382, 452.468872, 126.581044
1552946476.152316, 239.857727, 422.156647, 126.417151
1552946476.157644, 239.857727, 422.156647, 126.417151
1552946476.163971, 242.419540, 389.453400, 126.243560
1552946476.169879, 245.080399, 367.843292, 126.055473
1552946476.175773, 245.080399, 367.843292, 126.055473
1552946476.181185, 247.700073, 348.485565, 125.824736
1552946476.186446, 249.964325, 327.251617, 125.646455
1552946476.191805, 249.964325, 327.251617, 125.646455
1552946476.199660, 251.736710, 293.766571, 125.531631
1552946476.205625, 251.736710, 293.766571, 125.531631
1552946476.211225, 253.632111, 273.170532, 125.428527
1552946476.216680, 254.944290, 233.256760, 125.343421
1552946476.222004, 256.037262, 211.922195, 125.262387
1552946476.227866, 256.037262, 211.922195, 125.262387
1552946476.233263, 257.573242, 202.681686, 125.059427
1552946476.238617, 258.575378, 179.533066, 124.901317
1552946476.244684, 258.575378, 179.533066, 124.901317
1552946476.250150, 259.470673, 158.962097, 124.803551
1552946476.255963, 260.180725, 138.871811, 124.711806
1552946476.261817, 260.180725, 138.871811, 124.711806
1552946476.268464, 260.180725, 138.871811, 124.711806
1552946476.273775, 260.737732, 118.934654, 124.602251
1552946476.280354, 261.357330, 96.260635, 124.453239
1552946476.285738, 261.649597, 87.920013, 124.352651
1552946476.291890, 261.649597, 87.920013, 124.352651
1552946476.297363, 262.111359, 78.998436, 124.135293
1552946476.302693, 262.295258, 61.092560, 124.037392
1552946476.308460, 262.388214, 49.662781, 123.970820
1552946476.313797, 262.388214, 49.662781, 123.970820
1552946476.320233, 262.405853, 36.968613, 123.911188
1552946476.325678, 262.365692, 25.920246, 123.849551
1552946476.331103, 262.365692, 25.920246, 123.849551
1552946476.336581, 264.897156, 96.712250, 122.803000
1552946476.342503, 264.897156, 96.712250, 122.803000
1552946476.347763, 264.629913, 62.860966, 122.329124
1552946476.354662, 263.856018, 22.353777, 122.150549
1552946476.360480, 263.856018, 22.353777, 122.150549
1552946476.367040, 262.165680, -35.446392, 122.038623
1552946476.373233, 259.609192, -103.978241, 122.020504
1552946476.380543, 257.888947, -129.794174, 121.999776
1552946476.385801, 257.888947, -129.794174, 121.999776
1552946476.392260, 256.305542, -143.928711, 122.014044
1552946476.397675, 254.503708, -158.148514, 122.028157
1552946476.403658, 254.503708, -158.148514, 122.028157
1552946476.409282, 253.425568, -147.849518, 122.068459
1552946476.415112, 252.506256, -140.682571, 122.110077
1552946476.420650, 251.053772, -147.730591, 122.144729
1552946476.426019, 251.053772, -147.730591, 122.144729
1552946476.431916, 248.525360, -186.006577, 122.190678
1552946476.437196, 246.772873, -190.290192, 122.228708
